Obj value returned by the solver: 1592.595908180109
Obj value computed with solution variables: [1592.59590742]
Average LSE = 0.3981489770450273SolTime: 0.734
Q matrix recovered: [[ 2.76318915  0.11439008 -0.20031882 -0.55510255  0.27205617  0.49394721
  -0.45972754  0.01327359  0.00851801 -0.51042476 -0.8029462  -1.3859798
   0.26193932  0.50370619  0.26748012]
 [ 0.11439008  2.91987456 -0.4501131   0.82511028  1.32730271 -0.25291824
   0.39074237 -0.53298187  0.68718785 -0.5828842  -0.32640125 -0.03202548
  -0.07905855 -0.45603858  0.59414931]
 [-0.20031882 -0.4501131   3.62935568  1.11860134 -0.06469287 -0.43319279
  -0.65629954  0.81088544  0.16376122 -0.72616009  0.44723923  0.6325824
  -0.92522866 -0.13866613 -0.01539742]
 [-0.55510255  0.82511028  1.11860134  1.97306257  0.45512123  0.00834466
  -0.60202115  0.0297343  -0.01668488  0.01356178  0.56616559 -0.57856863
   0.27595106 -0.04888898  0.87791515]
 [ 0.27205617  1.32730271 -0.06469287  0.45512123  2.92453835 -1.21328323
  -0.69257791  0.62539619 -0.07702019  0.05377824 -0.82944143  0.48133766
  -0.2939797   0.3079073  -0.93859652]
 [ 0.49394721 -0.25291824 -0.43319279  0.00834466 -1.21328323  2.26936299
  -0.30367568 -0.42124173  0.40070763 -0.32951205  0.5528304   0.4226321
  -0.35665612  0.08422553  1.0015278 ]
 [-0.45972754  0.39074237 -0.65629954 -0.60202115 -0.69257791 -0.30367568
   1.35290229 -0.29800198 -0.10470552  0.11449166  0.24070846  0.2740497
   0.11208467 -0.56155495 -0.38699768]
 [ 0.01327359 -0.53298187  0.81088544  0.0297343   0.62539619 -0.42124173
  -0.29800198  1.67995379  0.43003234 -0.33400471  0.56792709  1.06532885
  -0.033418    1.17686812 -0.67330128]
 [ 0.00851801  0.68718785  0.16376122 -0.01668488 -0.07702019  0.40070763
  -0.10470552  0.43003234  1.35798627 -1.23005441  0.53217018  0.76887569
   0.19801448  0.57521032  0.90173778]
 [-0.51042476 -0.5828842  -0.72616009  0.01356178  0.05377824 -0.32951205
   0.11449166 -0.33400471 -1.23005441  2.00553726 -0.64550967 -0.6053007
  -0.63211429 -0.10249081 -1.0300195 ]
 [-0.8029462  -0.32640125  0.44723923  0.56616559 -0.82944143  0.5528304
   0.24070846  0.56792709  0.53217018 -0.64550967  1.63773028  0.75746061
   0.76294349  0.31522834  0.78371616]
 [-1.3859798  -0.03202548  0.6325824  -0.57856863  0.48133766  0.4226321
   0.2740497   1.06532885  0.76887569 -0.6053007   0.75746061  3.59700305
  -1.47603298  0.10579762 -1.09767173]
 [ 0.26193932 -0.07905855 -0.92522866  0.27595106 -0.2939797  -0.35665612
   0.11208467 -0.033418    0.19801448 -0.63211429  0.76294349 -1.47603298
   2.27413582  0.3409066   1.18907729]
 [ 0.50370619 -0.45603858 -0.13866613 -0.04888898  0.3079073   0.08422553
  -0.56155495  1.17686812  0.57521032 -0.10249081  0.31522834  0.10579762
   0.3409066   1.46817635  0.0755673 ]
 [ 0.26748012  0.59414931 -0.01539742  0.87791515 -0.93859652  1.0015278
  -0.38699768 -0.67330128  0.90173778 -1.0300195   0.78371616 -1.09767173
   1.18907729  0.0755673   2.30644727]]
q vector recovered: [-4.05207421 -1.34066672  1.88664986 -1.23158047 -0.8386679  -0.87983115
 -1.55747948 -2.66745336 -2.13672065 -2.23797092 -2.83772828  0.57512675
 -3.71586068 -3.69079247 -2.21415201]
Scalar c recovered: [16.72060634]
