Obj value returned by the solver: 1480.249187060244
Obj value computed with solution variables: [1480.24918807]
Average LSE = 0.37006229676506097SolTime: 0.641
Q matrix recovered: [[ 2.85881915e+00  1.02140602e-01 -2.95891008e-01 -7.05014330e-01
   2.83234973e-01  5.39967064e-01 -1.18449352e-01  1.96259148e-02
  -6.32315554e-02 -2.48545590e-01 -7.59673153e-01 -1.50141105e+00
   4.41877530e-01  6.54665197e-01  2.71197997e-01]
 [ 1.02140602e-01  2.47970222e+00 -4.78311495e-01  8.67025663e-01
   1.32232188e+00 -2.62887868e-01  4.26865069e-01 -5.34624524e-01
   7.06972716e-01 -6.18242307e-01 -2.73446981e-01 -2.72794279e-02
  -1.92134773e-01 -4.53624524e-01  6.19210173e-01]
 [-2.95891008e-01 -4.78311495e-01  3.22408416e+00  1.13079247e+00
  -2.77506902e-02 -4.63171321e-01 -8.12441034e-01  8.50923090e-01
   1.83643679e-01 -9.28888963e-01  5.61953897e-01  5.80683015e-01
  -1.02478279e+00 -1.43168624e-01 -3.69197560e-02]
 [-7.05014330e-01  8.67025663e-01  1.13079247e+00  1.40704067e+00
   4.80559692e-01  8.69681607e-02 -6.72714822e-01  9.15009677e-02
  -3.06648531e-02  2.97802043e-04  5.86213858e-01 -6.49148894e-01
   3.75294331e-01  8.52368820e-03  8.50734761e-01]
 [ 2.83234973e-01  1.32232188e+00 -2.77506902e-02  4.80559692e-01
   2.48159452e+00 -1.24567923e+00 -7.73894408e-01  5.67698331e-01
  -9.06409105e-02  1.06176569e-01 -8.75193404e-01  5.46689549e-01
  -3.08642331e-01  2.76765536e-01 -9.36667116e-01]
 [ 5.39967064e-01 -2.62887868e-01 -4.63171321e-01  8.69681607e-02
  -1.24567923e+00  1.89289847e+00 -3.42936218e-01 -4.44210226e-01
   4.46030789e-01 -3.51657332e-01  4.93149933e-01  4.86349336e-01
  -4.27549220e-01  2.14576771e-02  1.00966432e+00]
 [-1.18449352e-01  4.26865069e-01 -8.12441034e-01 -6.72714822e-01
  -7.73894408e-01 -3.42936218e-01  1.52134151e+00 -3.33476296e-01
  -4.97599732e-02  5.22085224e-01  3.47350762e-01  2.47407742e-01
   4.01036113e-01 -4.85255170e-01 -4.99005287e-01]
 [ 1.96259148e-02 -5.34624524e-01  8.50923090e-01  9.15009677e-02
   5.67698331e-01 -4.44210226e-01 -3.33476296e-01  9.73741756e-01
   4.08726114e-01 -3.48463656e-01  5.31097649e-01  1.10123440e+00
  -8.55622932e-02  1.13727793e+00 -7.63300681e-01]
 [-6.32315554e-02  7.06972716e-01  1.83643679e-01 -3.06648531e-02
  -9.06409105e-02  4.46030789e-01 -4.97599732e-02  4.08726114e-01
   7.70775581e-01 -1.31503006e+00  4.40891585e-01  7.56170717e-01
   2.09142175e-01  5.99300511e-01  9.76239270e-01]
 [-2.48545590e-01 -6.18242307e-01 -9.28888963e-01  2.97802043e-04
   1.06176569e-01 -3.51657332e-01  5.22085224e-01 -3.48463656e-01
  -1.31503006e+00  1.98562740e+00 -5.53951719e-01 -7.06543155e-01
  -5.66403316e-01  7.70147178e-02 -1.01786977e+00]
 [-7.59673153e-01 -2.73446981e-01  5.61953897e-01  5.86213858e-01
  -8.75193404e-01  4.93149933e-01  3.47350762e-01  5.31097649e-01
   4.40891585e-01 -5.53951719e-01  9.93866066e-01  8.37115848e-01
   7.30403236e-01  2.14959644e-01  8.59060049e-01]
 [-1.50141105e+00 -2.72794279e-02  5.80683015e-01 -6.49148894e-01
   5.46689549e-01  4.86349336e-01  2.47407742e-01  1.10123440e+00
   7.56170717e-01 -7.06543155e-01  8.37115848e-01  2.90864863e+00
  -1.50638753e+00  1.83512201e-01 -1.11697157e+00]
 [ 4.41877530e-01 -1.92134773e-01 -1.02478279e+00  3.75294331e-01
  -3.08642331e-01 -4.27549220e-01  4.01036113e-01 -8.55622932e-02
   2.09142175e-01 -5.66403316e-01  7.30403236e-01 -1.50638753e+00
   1.78738222e+00  3.56735064e-01  1.23363134e+00]
 [ 6.54665197e-01 -4.53624524e-01 -1.43168624e-01  8.52368820e-03
   2.76765536e-01  2.14576771e-02 -4.85255170e-01  1.13727793e+00
   5.99300511e-01  7.70147178e-02  2.14959644e-01  1.83512201e-01
   3.56735064e-01  7.94113837e-01  9.75301630e-02]
 [ 2.71197997e-01  6.19210173e-01 -3.69197560e-02  8.50734761e-01
  -9.36667116e-01  1.00966432e+00 -4.99005287e-01 -7.63300681e-01
   9.76239270e-01 -1.01786977e+00  8.59060049e-01 -1.11697157e+00
   1.23363134e+00  9.75301630e-02  1.76116706e+00]]
q vector recovered: [-4.34160991 -1.12415888  2.29054861 -0.97445992 -0.57901377 -0.64937967
 -1.97796012 -2.18020093 -1.80702155 -2.46413215 -2.62365761  0.97359014
 -3.59078312 -3.5245564  -1.93086277]
Scalar c recovered: [16.33536759]
