Obj value returned by the solver: 1592.5959044858153
Obj value computed with solution variables: [1592.59590956]
Average LSE = 0.39814897612145383SolTime: 0.4580390453338623
Q matrix recovered: [[ 2.76319951  0.11439436 -0.20032824 -0.55510212  0.27205857  0.49395065
  -0.45972554  0.01327507  0.00852291 -0.51042608 -0.80294911 -1.38598387
   0.26194648  0.50370619  0.2674809 ]
 [ 0.11439436  2.91986419 -0.45011991  0.82511087  1.32730261 -0.25292121
   0.39074658 -0.53297759  0.68718572 -0.58287676 -0.32639869 -0.0320243
  -0.07905678 -0.45603524  0.59415206]
 [-0.20032824 -0.45011991  3.62936685  1.11860107 -0.06469472 -0.43318693
  -0.65630113  0.81089285  0.16376239 -0.72616431  0.44723932  0.63257252
  -0.92523296 -0.13866882 -0.01540448]
 [-0.55510212  0.82511087  1.11860107  1.97305546  0.45512467  0.00834477
  -0.60202077  0.0297275  -0.0166813   0.01356161  0.56616865 -0.57856627
   0.27595239 -0.04888887  0.87792321]
 [ 0.27205857  1.32730261 -0.06469472  0.45512467  2.92453341 -1.21328279
  -0.69257694  0.62540524 -0.07702048  0.05377332 -0.82943984  0.48133249
  -0.29397883  0.30791407 -0.93860431]
 [ 0.49395065 -0.25292121 -0.43318693  0.00834477 -1.21328279  2.26935725
  -0.30367514 -0.42123957  0.40070648 -0.32950663  0.55282919  0.42263728
  -0.35665599  0.08422614  1.00152945]
 [-0.45972554  0.39074658 -0.65630113 -0.60202077 -0.69257694 -0.30367514
   1.35290645 -0.29800031 -0.1047031   0.11448668  0.24070675  0.27405067
   0.11208341 -0.56155588 -0.38699689]
 [ 0.01327507 -0.53297759  0.81089285  0.0297275   0.62540524 -0.42123957
  -0.29800031  1.67993651  0.43003593 -0.33400109  0.56793017  1.06533114
  -0.03342204  1.17686452 -0.67329264]
 [ 0.00852291  0.68718572  0.16376239 -0.0166813  -0.07702048  0.40070648
  -0.1047031   0.43003593  1.35798906 -1.23005753  0.5321685   0.76887639
   0.1980167   0.57520961  0.90173889]
 [-0.51042608 -0.58287676 -0.72616431  0.01356161  0.05377332 -0.32950663
   0.11448668 -0.33400109 -1.23005753  2.0055223  -0.64551594 -0.60530544
  -0.63211171 -0.10249001 -1.03002357]
 [-0.80294911 -0.32639869  0.44723932  0.56616865 -0.82943984  0.55282919
   0.24070675  0.56793017  0.5321685  -0.64551594  1.63772261  0.75745838
   0.76294284  0.31522588  0.78370914]
 [-1.38598387 -0.0320243   0.63257252 -0.57856627  0.48133249  0.42263728
   0.27405067  1.06533114  0.76887639 -0.60530544  0.75745838  3.59699394
  -1.47603079  0.1058007  -1.09767137]
 [ 0.26194648 -0.07905678 -0.92523296  0.27595239 -0.29397883 -0.35665599
   0.11208341 -0.03342204  0.1980167  -0.63211171  0.76294284 -1.47603079
   2.27413785  0.34090829  1.18907877]
 [ 0.50370619 -0.45603524 -0.13866882 -0.04888887  0.30791407  0.08422614
  -0.56155588  1.17686452  0.57520961 -0.10249001  0.31522588  0.1058007
   0.34090829  1.46817721  0.07556505]
 [ 0.2674809   0.59415206 -0.01540448  0.87792321 -0.93860431  1.00152945
  -0.38699689 -0.67329264  0.90173889 -1.03002357  0.78370914 -1.09767137
   1.18907877  0.07556505  2.30644343]]
q vector recovered: [-4.05208467 -1.34067089  1.88666153 -1.23158561 -0.83866739 -0.87983792
 -1.557484   -2.66746298 -2.13672727 -2.23795686 -2.83771616  0.57513471
 -3.71586776 -3.69079478 -2.21414952]
Scalar c recovered: [16.72061103]
