Obj value returned by the solver: 932.2116673482792
Obj value computed with solution variables: [932.21168687]
Average LSE = 0.2330529168370698SolTime: 0.30132603645324707
Q matrix recovered: [[ 2.06479159 -0.22412985 -0.31752866 -1.07375214  1.29601255 -0.07115589
   0.04999264  0.36904603 -0.05408483  0.72504652  0.5945178   0.34551569
   0.76316957]
 [-0.22412985  1.15068899  0.18385409  0.06754184 -0.44003246 -0.54727885
   0.24784164 -0.1845491   0.4358888  -0.10831882 -0.74853043 -0.05443458
  -0.86120595]
 [-0.31752866  0.18385409  0.77442078  0.13434943 -0.35024824 -0.98719049
  -0.01529442  0.48332663  0.33843677 -0.28950217 -0.05470942 -0.75600541
   0.26807821]
 [-1.07375214  0.06754184  0.13434943  1.34919385 -0.1976479  -0.10303421
  -0.707677   -0.22731768  0.51702845  0.14858537  0.0568918   0.3320802
   0.07056833]
 [ 1.29601255 -0.44003246 -0.35024824 -0.1976479   2.31553737  0.50421596
   0.20036687  0.64733311  0.5238721   0.04693534  0.34685042  0.66648954
   1.11213409]
 [-0.07115589 -0.54727885 -0.98719049 -0.10303421  0.50421596  2.63196271
   0.70067241 -0.36048965 -0.71751781  0.49125524  0.14642458  1.22082055
  -0.63197227]
 [ 0.04999264  0.24784164 -0.01529442 -0.707677    0.20036687  0.70067241
   1.93214833  0.20033723 -0.00502864 -1.33414571 -0.59644145 -0.24844784
   0.03333772]
 [ 0.36904603 -0.1845491   0.48332663 -0.22731768  0.64733311 -0.36048965
   0.20033723  1.08184483 -0.11976095 -0.25941481 -0.67480683 -1.19603586
   0.86917023]
 [-0.05408483  0.4358888   0.33843677  0.51702845  0.5238721  -0.71751781
  -0.00502864 -0.11976095  1.41653761 -0.52680621  0.54559787  0.81381077
   0.77442174]
 [ 0.72504652 -0.10831882 -0.28950217  0.14858537  0.04693534  0.49125524
  -1.33414571 -0.25941481 -0.52680621  2.1898925   0.82927854  0.84556998
  -0.88066313]
 [ 0.5945178  -0.74853043 -0.05470942  0.0568918   0.34685042  0.14642458
  -0.59644145 -0.67480683  0.54559787  0.82927854  2.24648765  1.71972534
   0.34480857]
 [ 0.34551569 -0.05443458 -0.75600541  0.3320802   0.66648954  1.22082055
  -0.24844784 -1.19603586  0.81381077  0.84556998  1.71972534  2.64694834
  -0.41944939]
 [ 0.76316957 -0.86120595  0.26807821  0.07056833  1.11213409 -0.63197227
   0.03333772  0.86917023  0.77442174 -0.88066313  0.34480857 -0.41944939
   2.77372426]]
q vector recovered: [-0.62660648 -1.22113277 -0.62128609 -0.43826094  0.47318586  1.01566305
  0.98730262 -0.08113263 -1.45629088 -0.70684563  0.14062288 -0.24053473
  0.26613592]
Scalar c recovered: [1.97868982]
