Finished before time limit.
Obj value returned by the CP solver: 1126.4411294571566
Average LSE: 0.28161028236428914
SolTime: 686.8231098651886
It. number: 97

Q matrix recovered: [ 1.66624458  0.14413292 -0.13582697 -1.13584619  0.58274333  0.921668
  0.01919298 -0.01174403 -0.20923395 -0.43673704 -0.7662751  -1.86766581
  0.40512924  0.96688505  0.21650791  0.14413292  2.3627981  -0.68005813
  0.98995477  1.42455992 -0.21584853  0.56969412 -0.41923196  0.65721132
 -0.8947324  -0.17761209 -0.10366189 -0.6636294  -0.50378882  0.66978426
 -0.13582697 -0.68005813  2.74621967  1.36553432 -0.02587195 -0.69392496
 -0.73763337  0.82161569  0.21471985 -1.073513    0.73029506  0.62545792
 -1.40114411 -0.34084821  0.06390168 -1.13584619  0.98995477  1.36553432
  0.99705382  0.46140432  0.14392823 -0.55909512  0.02823477 -0.08738576
  0.16908613  0.52230932 -0.72820465  0.73574305  0.16710143  0.78373108
  0.58274333  1.42455992 -0.02587195  0.46140432  2.39808942 -1.24835617
 -1.07025799  0.46422705 -0.13998106  0.38145041 -0.73055328  0.66626418
 -0.09439002  0.1585233  -0.94321466  0.921668   -0.21584853 -0.69392496
  0.14392823 -1.24835617  1.79041367 -0.49675958 -0.45042671  0.43355335
 -0.43843639  0.75553727  0.59466211 -0.5590783  -0.09977997  0.91533281
  0.01919298  0.56969412 -0.73763337 -0.55909512 -1.07025799 -0.49675958
  0.18307569 -0.40499762  0.28253281  0.79360156  0.24681571  0.53046955
  0.76159682 -0.86128778 -0.74487515 -0.01174403 -0.41923196  0.82161569
  0.02823477  0.46422705 -0.45042671 -0.40499762  0.33130489  0.27822292
 -0.46571906  0.71073439  1.03140797 -0.06803522  1.6175646  -1.06364906
 -0.20923395  0.65721132  0.21471985 -0.08738576 -0.13998106  0.43355335
  0.28253281  0.27822292  0.67711473 -1.41031373  0.33142301  0.66838407
  0.09969614  0.90575236  1.04599408 -0.43673704 -0.8947324  -1.073513
  0.16908613  0.38145041 -0.43843639  0.79360156 -0.46571906 -1.41031373
  0.80505542 -0.45592197 -0.95383914 -1.01642232  0.36368294 -0.85158602
 -0.7662751  -0.17761209  0.73029506  0.52230932 -0.73055328  0.75553727
  0.24681571  0.71073439  0.33142301 -0.45592197  0.16416523  0.87952486
  0.78483809  0.07862948  1.1229554  -1.86766581 -0.10366189  0.62545792
 -0.72820465  0.66626418  0.59466211  0.53046955  1.03140797  0.66838407
 -0.95383914  0.87952486  2.04425879 -1.65598232  0.24823354 -1.15822007
  0.40512924 -0.6636294  -1.40114411  0.73574305 -0.09439002 -0.5590783
  0.76159682 -0.06803522  0.09969614 -1.01642232  0.78483809 -1.65598232
  0.35184552  0.35566718  1.4736421   0.96688505 -0.50378882 -0.34084821
  0.16710143  0.1585233  -0.09977997 -0.86128778  1.6175646   0.90575236
  0.36368294  0.07862948  0.24823354  0.35566718 -0.5332653   0.13285683
  0.21650791  0.66978426  0.06390168  0.78373108 -0.94321466  0.91533281
 -0.74487515 -1.06364906  1.04599408 -0.85158602  1.1229554  -1.15822007
  1.4736421   0.13285683  1.37955744]
q vector recovered: [-3.80206228 -0.89147373  2.70811859 -0.97589137 -0.83283778 -0.62408954
 -1.5550997  -1.76290736 -1.68724238 -1.69455117 -2.6728864   1.65626524
 -2.634209   -3.19420811 -1.78138984]
Scalar c recovered: [15.58308645]
