Finished before time limit.
Obj: [1126.44854142]
Average LSE: [0.28161214]
SolTime: 805.5529432296753
It. number: 85

Q matrix recovered: [[ 1.67201057  0.14455449 -0.13640143 -1.13428239  0.58127895  0.92272006
   0.01854057 -0.01134174 -0.20834006 -0.43508064 -0.76597988 -1.86724135
   0.40520052  0.96667351  0.21700353]
 [ 0.14455449  2.37401557 -0.67992998  0.99150045  1.42440189 -0.21498394
   0.56975857 -0.419347    0.65689089 -0.89316867 -0.17730165 -0.1032782
  -0.66290548 -0.50392901  0.67138612]
 [-0.13640143 -0.67992998  2.74466406  1.36438498 -0.02600208 -0.69368352
  -0.73934489  0.81954368  0.21588068 -1.07350495  0.73009727  0.62503868
  -1.40006831 -0.34161676  0.06239968]
 [-1.13428239  0.99150045  1.36438498  0.99968983  0.46043436  0.14566622
  -0.56026157  0.02807679 -0.08623     0.16870904  0.52222081 -0.7282671
   0.73501252  0.16714002  0.78324005]
 [ 0.58127895  1.42440189 -0.02600208  0.46043436  2.41136768 -1.24887226
  -1.07148293  0.4633053  -0.13936582  0.38076296 -0.73066841  0.66751997
  -0.09403698  0.15926855 -0.94435949]
 [ 0.92272006 -0.21498394 -0.69368352  0.14566622 -1.24887226  1.79915861
  -0.49818778 -0.44958551  0.43552498 -0.4370848   0.75483686  0.59527709
  -0.56033919 -0.09954542  0.91632663]
 [ 0.01854057  0.56975857 -0.73934489 -0.56026157 -1.07148293 -0.49818778
   0.17768928 -0.40576815  0.28145429  0.79268432  0.2462982   0.52857766
   0.76057472 -0.86113503 -0.74624128]
 [-0.01134174 -0.419347    0.81954368  0.02807679  0.4633053  -0.44958551
  -0.40576815  0.32563438  0.27706056 -0.46515295  0.71002768  1.02922449
  -0.06812167  1.61780242 -1.06563612]
 [-0.20834006  0.65689089  0.21588068 -0.08623    -0.13936582  0.43552498
   0.28145429  0.27706056  0.68689727 -1.40917591  0.33118181  0.66982791
   0.10080251  0.9063324   1.04580856]
 [-0.43508064 -0.89316867 -1.07350495  0.16870904  0.38076296 -0.4370848
   0.79268432 -0.46515295 -1.40917591  0.81125309 -0.45533844 -0.95363817
  -1.0164176   0.36354908 -0.85116466]
 [-0.76597988 -0.17730165  0.73009727  0.52222081 -0.73066841  0.75483686
   0.2462982   0.71002768  0.33118181 -0.45533844  0.16377925  0.88018206
   0.78369626  0.07877222  1.12265408]
 [-1.86724135 -0.1032782   0.62503868 -0.7282671   0.66751997  0.59527709
   0.52857766  1.02922449  0.66982791 -0.95363817  0.88018206  2.04354326
  -1.65647142  0.24729423 -1.15887645]
 [ 0.40520052 -0.66290548 -1.40006831  0.73501252 -0.09403698 -0.56033919
   0.76057472 -0.06812167  0.10080251 -1.0164176   0.78369626 -1.65647142
   0.3473517   0.35609848  1.47317932]
 [ 0.96667351 -0.50392901 -0.34161676  0.16714002  0.15926855 -0.09954542
  -0.86113503  1.61780242  0.9063324   0.36354908  0.07877222  0.24729423
   0.35609848 -0.53713103  0.1307837 ]
 [ 0.21700353  0.67138612  0.06239968  0.78324005 -0.94435949  0.91632663
  -0.74624128 -1.06563612  1.04580856 -0.85116466  1.12265408 -1.15887645
   1.47317932  0.1307837   1.37348273]]
q vector recovered: [-3.8070995  -0.90070817  2.71185889 -0.97757423 -0.83746705 -0.63147413
 -1.54528125 -1.75586346 -1.69594821 -1.70043192 -2.67188937  1.65738027
 -2.63117461 -3.19139916 -1.77483304]
Scalar c recovered: [15.58378078]
