Finished before time limit.
Obj: [1126.43758371]
Average LSE: [0.2816094]
SolTime: 921.5882649421692
It. number: 92
Percent. inner: 0.6343462726483373

Q matrix recovered: [[ 1.66689121  0.14413204 -0.13575762 -1.13584637  0.58257908  0.92178275
   0.01929063 -0.01154299 -0.20921757 -0.43668414 -0.76622081 -1.86762514
   0.40513214  0.9668317   0.21658457]
 [ 0.14413204  2.36395098 -0.67979939  0.99033545  1.42489766 -0.215703
   0.56972206 -0.41877136  0.65709514 -0.89476763 -0.17796961 -0.1033312
  -0.66361913 -0.50391723  0.67020625]
 [-0.13575762 -0.67979939  2.74613661  1.36584188 -0.02558743 -0.69390772
  -0.73756071  0.82160438  0.21492036 -1.07342041  0.73031361  0.62562199
  -1.40101862 -0.34089582  0.06381443]
 [-1.13584637  0.99033545  1.36584188  0.99760985  0.46128532  0.14401147
  -0.55882343  0.02869682 -0.08745151  0.16904411  0.5222443  -0.72820703
   0.73570672  0.16700071  0.78389154]
 [ 0.58257908  1.42489766 -0.02558743  0.46128532  2.39870627 -1.24819947
  -1.07028545  0.46425516 -0.14015561  0.38131056 -0.73045091  0.66641533
  -0.09439617  0.15872984 -0.94343681]
 [ 0.92178275 -0.215703   -0.69390772  0.14401147 -1.24819947  1.79077095
  -0.49681959 -0.44991974  0.43331378 -0.43838544  0.75551148  0.59479234
  -0.55907575 -0.09983631  0.91558966]
 [ 0.01929063  0.56972206 -0.73756071 -0.55882343 -1.07028545 -0.49681959
   0.18345047 -0.40482728  0.28251585  0.7936942   0.24674775  0.53048211
   0.7615547  -0.86132612 -0.74488661]
 [-0.01154299 -0.41877136  0.82160438  0.02869682  0.46425516 -0.44991974
  -0.40482728  0.33115722  0.27827442 -0.46564317  0.71076555  1.03136949
  -0.06802079  1.61757348 -1.0638867 ]
 [-0.20921757  0.65709514  0.21492036 -0.08745151 -0.14015561  0.43331378
   0.28251585  0.27827442  0.67710836 -1.41028305  0.33135127  0.66833349
   0.09971711  0.90578757  1.0461365 ]
 [-0.43668414 -0.89476763 -1.07342041  0.16904411  0.38131056 -0.43838544
   0.7936942  -0.46564317 -1.41028305  0.80593    -0.45590508 -0.95381614
  -1.01638836  0.36367901 -0.85156549]
 [-0.76622081 -0.17796961  0.73031361  0.5222443  -0.73045091  0.75551148
   0.24674775  0.71076555  0.33135127 -0.45590508  0.16374961  0.87947234
   0.78478785  0.07855154  1.12297564]
 [-1.86762514 -0.1033312   0.62562199 -0.72820703  0.66641533  0.59479234
   0.53048211  1.03136949  0.66833349 -0.95381614  0.87947234  2.04418624
  -1.6560861   0.2480502  -1.15817222]
 [ 0.40513214 -0.66361913 -1.40101862  0.73570672 -0.09439617 -0.55907575
   0.76155471 -0.06802079  0.09971711 -1.01638836  0.78478785 -1.6560861
   0.35192348  0.35575587  1.47363503]
 [ 0.9668317  -0.50391723 -0.34089582  0.16700071  0.15872984 -0.09983631
  -0.86132612  1.61757348  0.90578757  0.36367901  0.07855154  0.2480502
   0.35575587 -0.53354146  0.13267189]
 [ 0.21658457  0.67020625  0.06381443  0.78389154 -0.94343681  0.91558966
  -0.74488661 -1.0638867   1.0461365  -0.85156549  1.12297564 -1.15817222
   1.47363503  0.13267189  1.37928362]]
q vector recovered: [-3.80271152 -0.89297161  2.70743489 -0.9767958  -0.83345422 -0.62481764
 -1.55555869 -1.76373294 -1.68717074 -1.69519381 -2.67242748  1.65600419
 -2.63430993 -3.19383611 -1.78149332]
Scalar c recovered: [15.58473575]
