Finished before time limit.
Obj: [1126.45042774]
Average LSE: [0.28161261]
SolTime: 759.74343085289

Q matrix recovered: [[ 1.6715141   0.1444224  -0.13654962 -1.13434394  0.58065165  0.9225249
   0.01844073 -0.01151116 -0.20816979 -0.43498343 -0.76594871 -1.86707125
   0.40519169  0.96643595  0.21701088]
 [ 0.1444224   2.37502522 -0.67980524  0.99155923  1.42380339 -0.21473769
   0.56993154 -0.41906431  0.65657454 -0.89301415 -0.17752545 -0.10315339
  -0.66294407 -0.50372862  0.67193562]
 [-0.13654962 -0.67980524  2.74479304  1.36441292 -0.02607059 -0.69342473
  -0.7393184   0.81956186  0.21617715 -1.07352006  0.72976692  0.62498464
  -1.39960549 -0.34146314  0.06202381]
 [-1.13434394  0.99155923  1.36441292  0.99903719  0.46001748  0.14535812
  -0.56028923  0.02808389 -0.08613252  0.16810642  0.52219726 -0.72878649
   0.73462922  0.16709426  0.7830314 ]
 [ 0.58065165  1.42380339 -0.02607059  0.46001748  2.41249012 -1.24946254
  -1.07151953  0.46298737 -0.14006812  0.38018113 -0.73049416  0.66743776
  -0.09457567  0.15945149 -0.94491744]
 [ 0.9225249  -0.21473769 -0.69342473  0.14535812 -1.24946254  1.79976544
  -0.49833509 -0.44981479  0.43636881 -0.43706836  0.75455289  0.59453991
  -0.56061989 -0.0996625   0.91611015]
 [ 0.01844073  0.56993154 -0.7393184  -0.56028923 -1.07151953 -0.49833509
   0.17778993 -0.4053364   0.2813245   0.79237363  0.24660857  0.5284975
   0.76068976 -0.86075291 -0.7461238 ]
 [-0.01151116 -0.41906431  0.81956186  0.02808389  0.46298737 -0.44981479
  -0.4053364   0.32546765  0.27686164 -0.46524973  0.71013322  1.02874379
  -0.06786267  1.61776447 -1.06585456]
 [-0.20816979  0.65657454  0.21617715 -0.08613252 -0.14006812  0.43636881
   0.2813245   0.27686164  0.68744584 -1.40890036  0.3309585   0.66965597
   0.10118743  0.90646139  1.04572974]
 [-0.43498343 -0.89301415 -1.07352006  0.16810642  0.38018113 -0.43706836
   0.79237363 -0.46524973 -1.40890036  0.81085736 -0.45520071 -0.95369288
  -1.01646116  0.36338689 -0.8510602 ]
 [-0.76594871 -0.17752545  0.72976692  0.52219726 -0.73049416  0.75455289
   0.24660857  0.71013322  0.3309585  -0.45520071  0.1641142   0.88059015
   0.78385114  0.07890845  1.12275807]
 [-1.86707125 -0.10315339  0.62498464 -0.72878649  0.66743776  0.59453991
   0.5284975   1.02874379  0.66965597 -0.95369288  0.88059015  2.04254384
  -1.65639323  0.24726634 -1.15891854]
 [ 0.40519169 -0.66294407 -1.39960549  0.73462922 -0.09457567 -0.56061989
   0.76068976 -0.06786267  0.10118743 -1.01646116  0.78385114 -1.65639323
   0.34707592  0.35614972  1.4733369 ]
 [ 0.96643595 -0.50372862 -0.34146314  0.16709426  0.15945149 -0.0996625
  -0.86075291  1.61776447  0.90646139  0.36338689  0.07890845  0.24726634
   0.35614972 -0.53723913  0.13068693]
 [ 0.21701088  0.67193562  0.06202381  0.7830314  -0.94491744  0.91611015
  -0.7461238  -1.06585456  1.04572974 -0.8510602   1.12275807 -1.15891854
   1.4733369   0.13068693  1.37404236]]
q vector recovered: [-3.80622976 -0.90158796  2.71158216 -0.9760012  -0.83548065 -0.63089733
 -1.54567942 -1.75546769 -1.6964457  -1.69969584 -2.67231593  1.6587119
 -2.63116073 -3.19161691 -1.77473765]
Scalar c recovered: [15.58245298]
