Finished before time limit.
Obj: 1126.4411117131262
Average LSE: 0.2816102779282816
SolTime: 1088.5794882774353
It. number: 99

Q matrix recovered: [ 1.66630018  0.14418939 -0.13596336 -1.13569826  0.58276427  0.92181732
  0.01918631 -0.01164182 -0.20918513 -0.43670117 -0.76627792 -1.8675012
  0.40508473  0.96679493  0.21660575  0.14418939  2.36305723 -0.68008059
  0.99000338  1.42452369 -0.21563033  0.56977702 -0.41893034  0.65718682
 -0.89466204 -0.17774726 -0.10357244 -0.66351833 -0.50377167  0.6700862
 -0.13596336 -0.68008059  2.74635532  1.36552537 -0.02598577 -0.69420121
 -0.73777209  0.82170931  0.21470683 -1.07367232  0.73024162  0.62538781
 -1.40116247 -0.34087514  0.06388232 -1.13569826  0.99000338  1.36552537
  0.99680767  0.46120077  0.14369543 -0.5590827   0.02856989 -0.0875957
  0.16915244  0.52233881 -0.72823712  0.7355156   0.16702598  0.78401656
  0.58276427  1.42452369 -0.02598577  0.46120077  2.39822071 -1.24856825
 -1.07021362  0.46422115 -0.14010655  0.38143758 -0.73054273  0.66627324
 -0.09428435  0.15874561 -0.94333907  0.92181732 -0.21563033 -0.69420121
  0.14369543 -1.24856825  1.79037185 -0.49660012 -0.44974921  0.43342373
 -0.43834276  0.75520682  0.59484485 -0.55889955 -0.09962873  0.91550377
  0.01918631  0.56977702 -0.73777209 -0.5590827  -1.07021362 -0.49660012
  0.18322642 -0.40502641  0.28258454  0.79363815  0.24675646  0.53064332
  0.76147126 -0.86122497 -0.74476278 -0.01164182 -0.41893034  0.82170931
  0.02856989  0.46422115 -0.44974921 -0.40502641  0.33142336  0.27828376
 -0.46562304  0.71075688  1.03149731 -0.06806322  1.61751874 -1.0636215
 -0.20918513  0.65718682  0.21470683 -0.0875957  -0.14010655  0.43342373
  0.28258454  0.27828376  0.67682496 -1.41031663  0.33137392  0.66835883
  0.09997299  0.90575831  1.04564393 -0.43670117 -0.89466204 -1.07367232
  0.16915244  0.38143758 -0.43834276  0.79363815 -0.46562304 -1.41031663
  0.80514647 -0.45598769 -0.95365884 -1.01648386  0.36363595 -0.85151328
 -0.76627792 -0.17774726  0.73024162  0.52233881 -0.73054273  0.75520682
  0.24675646  0.71075688  0.33137392 -0.45598769  0.16422107  0.87960262
  0.78474647  0.07870109  1.1229235  -1.8675012  -0.10357244  0.62538781
 -0.72823712  0.66627324  0.59484485  0.53064332  1.03149731  0.66835883
 -0.95365884  0.87960262  2.04402757 -1.65573492  0.24829248 -1.15815257
  0.40508473 -0.66351833 -1.40116247  0.7355156  -0.09428435 -0.55889955
  0.76147126 -0.06806322  0.09997299 -1.01648386  0.78474647 -1.65573492
  0.35184558  0.35551728  1.47364609  0.96679493 -0.50377167 -0.34087514
  0.16702598  0.15874561 -0.09962873 -0.86122497  1.61751874  0.90575831
  0.36363595  0.07870109  0.24829248  0.35551728 -0.53324395  0.13299387
  0.21660575  0.6700862   0.06388232  0.78401656 -0.94333907  0.91550377
 -0.74476278 -1.0636215   1.04564393 -0.85151328  1.1229235  -1.15815257
  1.47364609  0.13299387  1.37964905]
q vector recovered: [-3.80235748 -0.89213291  2.70851643 -0.9757275  -0.83268777 -0.62444607
 -1.55535701 -1.76380788 -1.68686103 -1.69473525 -2.672615    1.65579105
 -2.63430643 -3.19438189 -1.78180618]
Scalar c recovered: [15.58367512]
