Obj value returned by the solver: 637.6168612060459
Obj value computed with solution variables: [637.61686783]
Average LSE = 0.15940421530151147SolTime: 0.34381985664367676
Q matrix recovered: [[ 1.68153892 -0.85671576 -0.10677485 -1.23879996  0.23831971 -0.04216427
  -0.02495915  1.0201585  -0.61981844  0.79695747]
 [-0.85671576  2.29496394 -0.41924437  0.30292625 -0.52715994 -0.19544513
   0.2753078   0.28789769  0.15242524  0.00358752]
 [-0.10677485 -0.41924437  1.34435259  0.3447964  -0.33156799  0.61822334
   0.43411577 -0.2384597  -0.76080311  0.2986683 ]
 [-1.23879996  0.30292625  0.3447964   1.35081895  0.29939511 -0.15935642
  -0.25560122 -0.50512327  0.93616007 -0.50405634]
 [ 0.23831971 -0.52715994 -0.33156799  0.29939511  1.15024538 -0.83157943
  -0.30911206  0.35631234  1.24089596 -0.01648367]
 [-0.04216427 -0.19544513  0.61822334 -0.15935642 -0.83157943  0.90950642
  -0.35208394 -0.17755466 -0.97286848 -0.30702113]
 [-0.02495915  0.2753078   0.43411577 -0.25560122 -0.30911206 -0.35208394
   2.03205864 -0.71075623 -0.73022456  1.14083748]
 [ 1.0201585   0.28789769 -0.2384597  -0.50512327  0.35631234 -0.17755466
  -0.71075623  2.33066805 -0.25001507  0.93127536]
 [-0.61981844  0.15242524 -0.76080311  0.93616007  1.24089596 -0.97286848
  -0.73022456 -0.25001507  1.99201832 -0.82988728]
 [ 0.79695747  0.00358752  0.2986683  -0.50405634 -0.01648367 -0.30702113
   1.14083748  0.93127536 -0.82988728  1.48945235]]
q vector recovered: [ 1.03167149 -0.8496248  -1.00711967 -1.75718083 -1.00680766 -2.10073277
 -0.64260398  1.88530621 -3.02553203 -0.29479424]
Scalar c recovered: [7.058066]
