Obj value returned by the solver: 455.5483922057813
Obj value computed with solution variables: [455.54839488]
Average LSE = 0.11388709805144533SolTime: 0.4526400566101074
Q matrix recovered: [[ 1.72048774 -0.78560861  0.00804302 -1.34839693  0.22537111  0.01858244
  -0.13147854  1.04763204 -0.50701538  1.14944152]
 [-0.78560861  2.43987187 -0.4327707   0.28153462 -0.63548425 -0.30744245
   0.37874587  0.55816362  0.1805339   0.04981849]
 [ 0.00804302 -0.4327707   1.14930356  0.39272346 -0.21108882  0.59660864
   0.45241489  0.04633682 -1.02532734  0.4159089 ]
 [-1.34839693  0.28153462  0.39272346  0.66342263  0.12523617 -0.27349049
  -0.44963913 -0.29074081  0.92227709 -0.07534958]
 [ 0.22537111 -0.63548425 -0.21108882  0.12523617  0.20443343 -1.09235594
  -0.24083055  0.69827043  1.42566695  0.02211826]
 [ 0.01858244 -0.30744245  0.59660864 -0.27349049 -1.09235594 -0.07283228
  -0.40607225  0.14646284 -1.19300603 -0.2413768 ]
 [-0.13147854  0.37874587  0.45241489 -0.44963913 -0.24083055 -0.40607225
   1.70926666 -0.69883821 -0.79231628  1.55444702]
 [ 1.04763204  0.55816362  0.04633682 -0.29074081  0.69827043  0.14646284
  -0.69883821  1.65726892  0.02589073  1.10180837]
 [-0.50701538  0.1805339  -1.02532734  0.92227709  1.42566695 -1.19300603
  -0.79231628  0.02589073  0.76211678 -0.70549512]
 [ 1.14944152  0.04981849  0.4159089  -0.07534958  0.02211826 -0.2413768
   1.55444702  1.10180837 -0.70549512  0.67554224]]
q vector recovered: [ 0.73840169 -1.0893623  -1.15652944 -1.47996887 -0.68263702 -1.49661038
 -0.6058526   1.2888401  -2.54460197 -0.76425884]
Scalar c recovered: [7.36702062]
