Obj value returned by the solver: 572.7712213885951
Obj value computed with solution variables: [572.77122059]
Average LSE = 0.1431928053471488SolTime: 0.719
Q matrix recovered: [[ 4.35915475 -0.15688705 -1.6162252   2.85625976  0.97083765  0.40251447
   0.02044153  1.13431754  0.16173805 -1.41146541 -1.59049822  0.75398253
  -0.03056518 -0.66066271  1.44693274]
 [-0.15688705  5.72690087  2.53930318  2.60968328 -0.19336512  2.22093491
  -1.88390904  1.12537047  2.17562013 -1.30206788  0.02302455  1.34278866
   0.51880852  2.26799755  0.26848407]
 [-1.6162252   2.53930318  6.88609144  0.28559071 -0.93018965  0.89684462
  -1.64735261 -0.57897861  2.79763087 -0.14963123  0.19606956 -1.68248115
  -0.01702802  1.62369759 -0.24463518]
 [ 2.85625976  2.60968328  0.28559071  6.19975495  0.44660086  1.27579535
   0.36492665  2.80338655  1.32565521 -1.28231539 -1.18571538  1.54242503
  -0.26156087  2.0363982   1.67444676]
 [ 0.97083765 -0.19336512 -0.93018965  0.44660086  5.49585991 -1.32315594
   0.30321017  0.22266718  3.5648688  -3.30934302  1.73477623  0.1088527
  -2.37396548 -0.69938564  0.03213623]
 [ 0.40251447  2.22093491  0.89684462  1.27579535 -1.32315594  4.96375147
  -2.21298855  0.12524035  0.56185106 -1.26139885 -1.11857496  0.31986094
  -0.12719674  0.90696008  0.4502102 ]
 [ 0.02044153 -1.88390904 -1.64735261  0.36492665  0.30321017 -2.21298855
   5.67560545  1.66785469  0.25449045  0.97423852  0.24956022  1.52885198
   0.63139321 -0.74321534 -1.02180531]
 [ 1.13431754  1.12537047 -0.57897861  2.80338655  0.22266718  0.12524035
   1.66785469  5.27568931  0.60054808 -1.10225653  1.22259172  1.59634795
   1.36200056 -0.29208359  2.04613706]
 [ 0.16173805  2.17562013  2.79763087  1.32565521  3.5648688   0.56185106
   0.25449045  0.60054808  6.6934053  -4.23343257  1.23571111  0.4414615
  -1.58598248  2.17712875  1.04756823]
 [-1.41146541 -1.30206788 -0.14963123 -1.28231539 -3.30934302 -1.26139885
   0.97423852 -1.10225653 -4.23343257  5.54520157 -1.60836003 -0.76662298
   1.2297028  -1.69527762 -0.53735882]
 [-1.59049822  0.02302455  0.19606956 -1.18571538  1.73477623 -1.11857496
   0.24956022  1.22259172  1.23571111 -1.60836003  4.17784364 -0.97733088
  -1.30849975  0.68766915  0.84254744]
 [ 0.75398253  1.34278866 -1.68248115  1.54242503  0.1088527   0.31986094
   1.52885198  1.59634795  0.4414615  -0.76662298 -0.97733088  2.80239795
   1.28410595  0.0611943   0.0552969 ]
 [-0.03056518  0.51880852 -0.01702802 -0.26156087 -2.37396548 -0.12719674
   0.63139321  1.36200056 -1.58598248  1.2297028  -1.30849975  1.28410595
   3.51616452 -1.18263227 -0.41677297]
 [-0.66066271  2.26799755  1.62369759  2.0363982  -0.69938564  0.90696008
  -0.74321534 -0.29208359  2.17712875 -1.69527762  0.68766915  0.0611943
  -1.18263227  4.77878666  0.23100281]
 [ 1.44693274  0.26848407 -0.24463518  1.67444676  0.03213623  0.4502102
  -1.02180531  2.04613706  1.04756823 -0.53735882  0.84254744  0.0552969
  -0.41677297  0.23100281  5.94477619]]
q vector recovered: [-1.47935158 -1.70236808 -1.48964968 -3.83742517 -0.21295517 -1.56117812
 -0.48001956 -2.70317644 -2.07177778  1.05564671  0.03981393 -0.93105537
  0.10621943 -1.25238112 -2.06938305]
Scalar c recovered: [1.75822139]
