Time limit reached.
Obj value returned by the CP solver: 564.8420876255036
Upper bound: [622.87757145]
Average LSE: 0.1412105219063759
SolTime: 18011.93910074234
It. number: 5

Q matrix recovered: [ 4.44122735 -0.12240169 -1.60237003  2.85070695  0.98402494  0.41350986
  0.01572201  1.1457861   0.17403301 -1.38489243 -1.56038784  0.79940381
 -0.02324993 -0.6458806   1.44188595 -0.12240169  5.6700992   2.54835261
  2.56907704 -0.17609529  2.24723705 -1.93311556  1.13949888  2.15240817
 -1.2588075   0.06570637  1.40100715  0.5147912   2.28702766  0.2522268
 -1.60237003  2.54835261  6.89960568  0.27414628 -0.9327104   0.90702221
 -1.65923114 -0.58689205  2.78934282 -0.14611696  0.21280486 -1.66493697
 -0.02084608  1.62526144 -0.2429923   2.85070695  2.56907704  0.27414628
  6.16097811  0.45904698  1.29308254  0.35300299  2.78750152  1.26817766
 -1.28911203 -1.17921603  1.53921418 -0.26613589  2.03428756  1.66928295
  0.98402494 -0.17609529 -0.9327104   0.45904698  5.49293093 -1.32301087
  0.30456512  0.21188588  3.5749696  -3.31083886  1.75404159  0.12527342
 -2.37152594 -0.71142731  0.03538024  0.41350986  2.24723705  0.90702221
  1.29308254 -1.32301087  4.99943856 -2.18861434  0.09570274  0.5716902
 -1.27023718 -1.10297533  0.31388684 -0.10840625  0.89982711  0.45974813
  0.01572201 -1.93311556 -1.65923114  0.35300299  0.30456512 -2.18861434
  5.65396214  1.62352547  0.21968826  0.97684537  0.26338669  1.52035557
  0.64279615 -0.75788239 -1.0219865   1.1457861   1.13949888 -0.58689205
  2.78750152  0.21188588  0.09570274  1.62352547  5.55313325  0.62254881
 -1.08707937  1.21703536  1.65747732  1.32169516 -0.26815369  2.0276578
  0.17403301  2.15240817  2.78934282  1.26817766  3.5749696   0.5716902
  0.21968826  0.62254881  6.5869038  -4.21999702  1.24269194  0.46136766
 -1.61686055  2.18844439  1.02923171 -1.38489243 -1.2588075  -0.14611696
 -1.28911203 -3.31083886 -1.27023718  0.97684537 -1.08707937 -4.21999702
  5.61032781 -1.60001082 -0.74458479  1.21481448 -1.6832971  -0.54248453
 -1.56038784  0.06570637  0.21280486 -1.17921603  1.75404159 -1.10297533
  0.26338669  1.21703536  1.24269194 -1.60001082  4.30138737 -0.93598825
 -1.28952162  0.69727588  0.8632888   0.79940381  1.40100715 -1.66493697
  1.53921418  0.12527342  0.31388684  1.52035557  1.65747732  0.46136766
 -0.74458479 -0.93598825  2.9938865   1.27331177  0.08720942  0.05634568
 -0.02324993  0.5147912  -0.02084608 -0.26613589 -2.37152594 -0.10840625
  0.64279615  1.32169516 -1.61686055  1.21481448 -1.28952162  1.27331177
  3.53240936 -1.19776274 -0.40339954 -0.6458806   2.28702766  1.62526144
  2.03428756 -0.71142731  0.89982711 -0.75788239 -0.26815369  2.18844439
 -1.6832971   0.69727588  0.08720942 -1.19776274  4.78430593  0.22119326
  1.44188595  0.2522268  -0.2429923   1.66928295  0.03538024  0.45974813
 -1.0219865   2.0276578   1.02923171 -0.54248453  0.8632888   0.05634568
 -0.40339954  0.22119326  5.98072472]
q vector recovered: [-1.62521601 -1.73645683 -1.51089113 -3.74861252 -0.24696078 -1.6281782
 -0.39920704 -2.83438702 -1.98081607  0.96691707 -0.14831084 -1.17373657
  0.12801184 -1.2833568  -2.07085772]
Scalar c recovered: [1.90752599]
