Finished before TL = FalseObj value returned by the CP solver: 557.5974888902937
Average LSE = 0.13939937222257343SolTime: 18339.336808919907
It. number: 4
Q matrix recovered: [ 4.46768566 -0.11940582 -1.60819148  2.83720348  0.99648736  0.40802125
 -0.01329561  1.16292243  0.16831508 -1.36964884 -1.56858931  0.81421076
 -0.02568278 -0.64063209  1.42268676 -0.11940582  5.67855648  2.53564188
  2.53163256 -0.19866632  2.22498757 -1.9978389   1.26474637  2.16276261
 -1.22742374  0.01482188  1.42449844  0.44140293  2.30350129  0.19976897
 -1.60819148  2.53564188  6.88999308  0.2532268  -0.92981199  0.88976372
 -1.67095974 -0.55512097  2.77871095 -0.13147337  0.20291288 -1.66301095
 -0.05760085  1.62629152 -0.25660045  2.83720348  2.53163256  0.2532268
  6.00407419  0.42608502  1.26174326  0.25875478  2.89163452  1.26213934
 -1.28019406 -1.26140958  1.52725927 -0.34738009  2.02895499  1.59637511
  0.99648736 -0.19866632 -0.92981199  0.42608502  5.48540271 -1.32356055
  0.26693074  0.19566331  3.53850036 -3.29117449  1.7509828   0.12415359
 -2.3901926  -0.70878366  0.01649596  0.40802125  2.22498757  0.88976372
  1.26174326 -1.32356055  5.01202912 -2.22595177  0.07471952  0.54652752
 -1.25628589 -1.11248244  0.29015715 -0.13270828  0.8900194   0.43079993
 -0.01329561 -1.9978389  -1.67095974  0.25875478  0.26693074 -2.22595177
  5.4177796   1.70222564  0.17578264  0.99928427  0.1726416   1.4997876
  0.53069239 -0.7772925  -1.10375809  1.16292243  1.26474637 -0.55512097
  2.89163452  0.19566331  0.07471952  1.70222564  5.7958011   0.7598635
 -1.12577707  1.24563697  1.72451723  1.38624337 -0.23952972  2.10213926
  0.16831508  2.16276261  2.77871095  1.26213934  3.53850036  0.54652752
  0.17578264  0.7598635   6.66646221 -4.21431276  1.20971323  0.49557839
 -1.66893561  2.21019822  0.99508989 -1.36964884 -1.22742374 -0.13147337
 -1.28019406 -3.29117449 -1.25628589  0.99928427 -1.12577707 -4.21431276
  5.64080571 -1.55844246 -0.72270028  1.25285332 -1.67697439 -0.53103091
 -1.56858931  0.01482188  0.20291288 -1.26140958  1.7509828  -1.11248244
  0.1726416   1.24563697  1.20971323 -1.55844246  4.18771925 -0.92265431
 -1.36990532  0.68446356  0.78704271  0.81421076  1.42449844 -1.66301095
  1.52725927  0.12415359  0.29015715  1.4997876   1.72451723  0.49557839
 -0.72270028 -0.92265431  3.10604312  1.26100963  0.12466643  0.05455877
 -0.02568278  0.44140293 -0.05760085 -0.34738009 -2.3901926  -0.13270828
  0.53069239  1.38624337 -1.66893561  1.25285332 -1.36990532  1.26100963
  3.24782631 -1.20957183 -0.48584755 -0.64063209  2.30350129  1.62629152
  2.02895499 -0.70878366  0.8900194  -0.7772925  -0.23952972  2.21019822
 -1.67697439  0.68446356  0.12466643 -1.20957183  4.81007377  0.21942075
  1.42268676  0.19976897 -0.25660045  1.59637511  0.01649596  0.43079993
 -1.10375809  2.10213926  0.99508989 -0.53103091  0.78704271  0.05455877
 -0.48584755  0.21942075  5.80136074]
q vector recovered: [-1.62631299 -1.6794156  -1.46346164 -3.47190173 -0.16434984 -1.50947978
  0.00495719 -3.31959293 -2.00618797  0.84298201  0.10610959 -1.30872569
  0.52582111 -1.32903135 -1.77371105]
Scalar c recovered: [1.64195488]
