Obj: 440.84473407920854
Average LSE = 0.11021118351980214SolTime: 1.3795082569122314
Q matrix recovered: [[ 5.49859102 -2.39131665  1.11771952  2.10639931  2.09661848  0.81329502
   0.84170357  2.02375474  1.75543464 -1.52078812 -0.29591145 -0.66600955
   1.06125657]
 [-2.39131665  5.23263859 -2.85405621 -2.67262385 -0.08984451 -0.01803416
   0.14823402 -0.41303989  0.43869364  2.40085785  0.61402145 -1.5740487
  -0.29383746]
 [ 1.11771952 -2.85405621  3.87594872  1.97200166 -0.43084976  0.94219507
  -0.30497338  0.87003819 -0.76826054 -1.38901491  0.56708105  1.69641578
   0.61730732]
 [ 2.10639931 -2.67262385  1.97200166  5.56552952  2.15855261  0.17020469
  -0.44296177 -0.76539175  1.00460805 -1.16582642  2.66700988 -0.10247435
  -0.49056255]
 [ 2.09661848 -0.08984451 -0.43084976  2.15855261  4.07776674 -0.4320033
  -1.32163003 -0.96737881  1.14600309 -0.7566491   1.22045087 -1.27322866
   1.2519732 ]
 [ 0.81329502 -0.01803416  0.94219507  0.17020469 -0.4320033   5.415466
   0.22255691  0.48476157  0.13035276 -2.301122    1.84794831 -0.58195453
   0.34290792]
 [ 0.84170357  0.14823402 -0.30497338 -0.44296177 -1.32163003  0.22255691
   3.76784198  0.57798227 -1.50184359  1.09603285 -2.37164143  0.24837508
  -1.26223291]
 [ 2.02375474 -0.41303989  0.87003819 -0.76539175 -0.96737881  0.48476157
   0.57798227  5.93373616  0.75059424  0.67812593 -0.31082153  1.53907779
   2.39995522]
 [ 1.75543464  0.43869364 -0.76826054  1.00460805  1.14600309  0.13035276
  -1.50184359  0.75059424  4.09246778 -0.64342156  2.76555353 -1.32483085
  -0.0448784 ]
 [-1.52078812  2.40085785 -1.38901491 -1.16582642 -0.7566491  -2.301122
   1.09603285  0.67812593 -0.64342156  4.4722853  -0.77793856 -0.1536855
  -1.01692535]
 [-0.29591145  0.61402145  0.56708105  2.66700988  1.22045087  1.84794831
  -2.37164143 -0.31082153  2.76555353 -0.77793856  6.83122919 -1.08521359
   0.2116401 ]
 [-0.66600955 -1.5740487   1.69641578 -0.10247435 -1.27322866 -0.58195453
   0.24837508  1.53907779 -1.32483085 -0.1536855  -1.08521359  5.13002409
  -0.17337451]
 [ 1.06125657 -0.29383746  0.61730732 -0.49056255  1.2519732   0.34290792
  -1.26223291  2.39995522 -0.0448784  -1.01692535  0.2116401  -0.17337451
   3.81193792]]
q vector recovered: [-1.09826059  0.17192831 -0.16039302 -1.91202205 -1.53274758 -0.94341272
 -1.12432683 -1.53843223 -0.53746691  0.22291076 -0.95916448 -0.54687831
 -0.96375063]
Scalar c recovered: [1.43492771]
