Finished before TL = TrueObj value returned by the CP solver: 440.8447250448734
Average LSE = 0.11021118126121836SolTime: 14.49729609489441
It. number: 19
Q matrix recovered: [ 5.49864638 -2.39120098  1.11774153  2.10646838  2.09656373  0.8132308
  0.84171974  2.02378669  1.75541433 -1.52088461 -0.29586572 -0.66601293
  1.06128768 -2.39120098  5.23292272 -2.85394185 -2.67256546 -0.08984751
 -0.01801035  0.14819996 -0.41293608  0.43872593  2.40088766  0.61413311
 -1.57401269 -0.29380299  1.11774153 -2.85394185  3.87603203  1.97206845
 -0.43089891  0.94215467 -0.30494651  0.87006349 -0.76828966 -1.38909057
  0.56712744  1.69640904  0.61733986  2.10646838 -2.67256546  1.97206845
  5.56556471  2.15855446  0.17022117 -0.44297147 -0.76534059  1.00463962
 -1.16579622  2.66708418 -0.10245358 -0.49053272  2.09656373 -0.08984751
 -0.43089891  2.15855446  4.07765571 -0.4320639  -1.32160311 -0.96740591
  1.14596497 -0.75673987  1.22041705 -1.27324038  1.25197789  0.8132308
 -0.01801035  0.94215467  0.17022117 -0.4320639   5.41522426  0.22259073
  0.48470637  0.13029956 -2.30124039  1.84792698 -0.58196217  0.34292962
  0.84171974  0.14819996 -0.30494651 -0.44297147 -1.32160311  0.22259073
  3.76779194  0.57799677 -1.50181307  1.0960944  -2.37163446  0.24837885
 -1.26223815  2.02378669 -0.41293608  0.87006349 -0.76534059 -0.96740591
  0.48470637  0.57799677  5.93380259  0.75057518  0.6780382  -0.31077172
  1.53908424  2.39997848  1.75541433  0.43872593 -0.76828966  1.00463962
  1.14596497  0.13029956 -1.50181307  0.75057518  4.09240508 -0.64349504
  2.76553361 -1.32484518 -0.04486085 -1.52088461  2.40088766 -1.38909057
 -1.16579622 -0.75673987 -2.30124039  1.0960944   0.6780382  -0.64349504
  4.47183216 -0.77801534 -0.15371738 -1.0169184  -0.29586572  0.61413311
  0.56712744  2.66708418  1.22041705  1.84792698 -2.37163446 -0.31077172
  2.76553361 -0.77801534  6.83134875 -1.08519443  0.21167828 -0.66601293
 -1.57401269  1.69640904 -0.10245358 -1.27324038 -0.58196217  0.24837885
  1.53908424 -1.32484518 -0.15371738 -1.08519443  5.13004236 -0.17336318
  1.06128768 -0.29380299  0.61733986 -0.49053272  1.25197789  0.34292962
 -1.26223815  2.39997848 -0.04486085 -1.0169184   0.21167828 -0.17336318
  3.8119323 ]
q vector recovered: [-1.09834038  0.17145399 -0.16050816 -1.91227236 -1.53251266 -0.94312062
 -1.12438925 -1.53853194 -0.53735143  0.2234163  -0.95935492 -0.54689774
 -0.96387925]
Scalar c recovered: [1.43501443]
