Obj: [482.97373836]
Average LSE = [0.12074343]SolTime: 74.61125659942627
Q matrix recovered: [[ 1.86109044 -0.89597844 -0.16858559 -1.25515209  0.09119102 -0.08507713
   0.06040363  1.02244886 -0.56392932  0.92490966]
 [-0.89597844  2.02684677 -0.28256843  0.27642681 -0.59299272 -0.2042697
   0.37064876  0.28628704  0.37502401 -0.07490325]
 [-0.16858559 -0.28256843  0.95820565  0.34748478  0.11477597  0.86334948
   0.32016589 -0.33840919 -0.94160215  0.30745261]
 [-1.25515209  0.27642681  0.34748478  0.50631914  0.01572188 -0.13965298
  -0.35171791 -0.55405775  1.16430913 -0.13303965]
 [ 0.09119102 -0.59299272  0.11477597  0.01572188 -0.40392308 -1.01442525
  -0.21716503  0.37895896  2.08431891 -0.07311471]
 [-0.08507713 -0.2042697   0.86334948 -0.13965298 -1.01442525 -0.12132806
  -0.32028157 -0.14713925 -0.74001749 -0.52033071]
 [ 0.06040363  0.37064876  0.32016589 -0.35171791 -0.21716503 -0.32028157
   1.63939488 -0.85449749 -0.77824531  1.34629742]
 [ 1.02244886  0.28628704 -0.33840919 -0.55405775  0.37895896 -0.14713925
  -0.85449749  1.85366637 -0.47198906  1.27781628]
 [-0.56392932  0.37502401 -0.94160215  1.16430913  2.08431891 -0.74001749
  -0.77824531 -0.47198906  0.56797422 -1.02192568]
 [ 0.92490966 -0.07490325  0.30745261 -0.13303965 -0.07311471 -0.52033071
   1.34629742  1.27781628 -1.02192568 -0.44783722]]
q vector recovered: [ 0.93167823 -0.81971508 -0.99064918 -1.43637807 -0.53731036 -1.61450848
 -0.51117682  2.14241766 -2.73316268  0.45206896]
Scalar c recovered: [6.72387174]
