Finished before time limit.
Obj value returned by the CP solver: 482.9588511063529
Average LSE: 0.12073971277658822
SolTime: 31.59422206878662
It. number: 36

Q matrix recovered: [ 1.86379974 -0.89332517 -0.17280528 -1.25497301  0.09251686 -0.08601524
  0.0635451   1.02377055 -0.56464046  0.92404053 -0.89332517  2.02182807
 -0.28326698  0.27952583 -0.59325224 -0.20519909  0.37219428  0.2867721
  0.37554007 -0.07659741 -0.17280528 -0.28326698  0.93132718  0.35005356
  0.11686923  0.86464603  0.31713337 -0.34092652 -0.9415424   0.31282994
 -1.25497301  0.27952583  0.35005356  0.522881    0.01397972 -0.1397647
 -0.35173318 -0.55371206  1.16575678 -0.13072574  0.09251686 -0.59325224
  0.11686923  0.01397972 -0.40478115 -1.0165594  -0.21817788  0.37998074
  2.08724833 -0.07278584 -0.08601524 -0.20519909  0.86464603 -0.1397647
 -1.0165594  -0.12775658 -0.3207962  -0.14659078 -0.74177833 -0.52091447
  0.0635451   0.37219428  0.31713337 -0.35173318 -0.21817788 -0.3207962
  1.63045973 -0.85567134 -0.77860051  1.34732752  1.02377055  0.2867721
 -0.34092652 -0.55371206  0.37998074 -0.14659078 -0.85567134  1.85049304
 -0.47170251  1.27951636 -0.56464046  0.37554007 -0.9415424   1.16575678
  2.08724833 -0.74177833 -0.77860051 -0.47170251  0.56334096 -1.02284098
  0.92404053 -0.07659741  0.31282994 -0.13072574 -0.07278584 -0.52091447
  1.34732752  1.27951636 -1.02284098 -0.44864572]
q vector recovered: [ 0.92910024 -0.81936167 -0.97707951 -1.44893107 -0.53841272 -1.60873787
 -0.50640278  2.14307172 -2.73151219  0.44893815]
Scalar c recovered: [6.72352168]
