Finished before time limit.
Obj: [482.9688841]
Average LSE: [0.12074222]
SolTime: 62.119821071624756
It. number: 31

Q matrix recovered: [[ 1.8613679  -0.89488141 -0.16934664 -1.2551307   0.09158703 -0.08482509
   0.06083804  1.02231038 -0.56387406  0.92456283]
 [-0.89488141  2.02597474 -0.28296631  0.2767497  -0.59323522 -0.20455699
   0.37126184  0.28654017  0.37499714 -0.07541957]
 [-0.16934664 -0.28296631  0.9552303   0.34742088  0.11519646  0.86361073
   0.31943923 -0.33827846 -0.94174667  0.30932328]
 [-1.2551307   0.2767497   0.34742088  0.50939926  0.01511372 -0.13974804
  -0.35198428 -0.55450195  1.16458352 -0.13279241]
 [ 0.09158703 -0.59323522  0.11519646  0.01511372 -0.40403371 -1.01474865
  -0.2173088   0.37905295  2.08496435 -0.0729871 ]
 [-0.08482509 -0.20455699  0.86361073 -0.13974804 -1.01474865 -0.12163597
  -0.32022598 -0.14690982 -0.7401968  -0.52032082]
 [ 0.06083804  0.37126184  0.31943923 -0.35198428 -0.2173088  -0.32022598
   1.63873396 -0.85459503 -0.77816414  1.34693798]
 [ 1.02231038  0.28654017 -0.33827846 -0.55450195  0.37905295 -0.14690982
  -0.85459503  1.8532398  -0.47185948  1.27787901]
 [-0.56387406  0.37499714 -0.94174667  1.16458352  2.08496435 -0.7401968
  -0.77816414 -0.47185948  0.56761419 -1.02202533]
 [ 0.92456283 -0.07541957  0.30932328 -0.13279241 -0.0729871  -0.52032082
   1.34693798  1.27787901 -1.02202533 -0.44811532]]
q vector recovered: [ 0.93085112 -0.81959089 -0.98941649 -1.4377031  -0.53748487 -1.61429211
 -0.51114753  2.14251093 -2.73333388  0.451177  ]
Scalar c recovered: [6.72444893]
