Finished before time limit.
Obj: [482.95924135]
Average LSE: [0.12073981]
SolTime: 84.16446900367737
It. number: 35
Percent. inner: 0.32360068123217295

Q matrix recovered: [[ 1.86386262 -0.89313484 -0.17229909 -1.25498798  0.09265132 -0.08586122
   0.06334292  1.02379823 -0.56457135  0.92419488]
 [-0.89313484  2.022463   -0.28316254  0.2794572  -0.59319752 -0.20508325
   0.37220621  0.28685248  0.37552074 -0.07649026]
 [-0.17229909 -0.28316254  0.93344304  0.35035321  0.11709898  0.86460179
   0.31742863 -0.34039224 -0.94150347  0.31303468]
 [-1.25498798  0.2794572   0.35035321  0.52194586  0.01360143 -0.13985813
  -0.35191415 -0.55394991  1.16560811 -0.13093982]
 [ 0.09265132 -0.59319752  0.11709898  0.01360143 -0.40457068 -1.01637897
  -0.21815277  0.37996386  2.08695345 -0.07284367]
 [-0.08586122 -0.20508325  0.86460179 -0.13985813 -1.01637897 -0.12646948
  -0.3207502  -0.14652729 -0.7415772  -0.52083313]
 [ 0.06334292  0.37220621  0.31742863 -0.35191415 -0.21815277 -0.3207502
   1.63043111 -0.85557825 -0.77854822  1.3473915 ]
 [ 1.02379823  0.28685248 -0.34039224 -0.55394991  0.37996386 -0.14652729
  -0.85557825  1.85103416 -0.47166533  1.27933734]
 [-0.56457135  0.37552074 -0.94150347  1.16560811  2.08695345 -0.7415772
  -0.77854822 -0.47166533  0.56402895 -1.02270953]
 [ 0.92419488 -0.07649026  0.31303468 -0.13093982 -0.07284367 -0.52083313
   1.3473915   1.27933734 -1.02270953 -0.44808275]]
q vector recovered: [ 0.92855933 -0.81996699 -0.97926494 -1.44791339 -0.53844006 -1.60974787
 -0.50650039  2.14261592 -2.73191894  0.44851442]
Scalar c recovered: [6.72450113]
