Finished before time limit.
Obj: [482.97128036]
Average LSE: [0.12074282]
SolTime: 64.71583414077759

Q matrix recovered: [[ 1.86126962 -0.89537859 -0.16890748 -1.2550377   0.09145451 -0.08487016
   0.06052072  1.02226946 -0.56376429  0.92469848]
 [-0.89537859  2.027006   -0.28249435  0.27664979 -0.5929372  -0.20423201
   0.37091075  0.28617819  0.37524603 -0.07526949]
 [-0.16890748 -0.28249435  0.95684094  0.3473973   0.11488768  0.86342401
   0.31977251 -0.33827927 -0.94172666  0.30834477]
 [-1.2550377   0.27664979  0.3473973   0.50749112  0.01539262 -0.13972433
  -0.35185051 -0.55421104  1.16437441 -0.13291686]
 [ 0.09145451 -0.5929372   0.11488768  0.01539262 -0.40397409 -1.01460137
  -0.21724738  0.37905665  2.08450538 -0.07307951]
 [-0.08487016 -0.20423201  0.86342401 -0.13972433 -1.01460137 -0.12140057
  -0.32032474 -0.14705841 -0.74010792 -0.5203106 ]
 [ 0.06052072  0.37091075  0.31977251 -0.35185051 -0.21724738 -0.32032474
   1.63852364 -0.85453597 -0.77826654  1.34662572]
 [ 1.02226946  0.28617819 -0.33827927 -0.55421104  0.37905665 -0.14705841
  -0.85453597  1.85350832 -0.47188814  1.27776136]
 [-0.56376429  0.37524603 -0.94172666  1.16437441  2.08450538 -0.74010792
  -0.77826654 -0.47188814  0.56782234 -1.02190097]
 [ 0.92469848 -0.07526949  0.30834477 -0.13291686 -0.07307951 -0.5203106
   1.34662572  1.27776136 -1.02190097 -0.44802639]]
q vector recovered: [ 0.93115584 -0.82010327 -0.9901264  -1.43686065 -0.53741639 -1.61449897
 -0.51075483  2.14254642 -2.7333421   0.45178857]
Scalar c recovered: [6.72412791]
