Finished before TL = TrueObj value returned by the CP solver: 482.95887589758814
Average LSE = 0.12073971897439703SolTime: 64.00778245925903
It. number: 41
Q matrix recovered: [ 1.86348507 -0.89320597 -0.17272566 -1.25499945  0.09243176 -0.08619838
  0.06335398  1.02393144 -0.56483869  0.92406327 -0.89320597  2.02160517
 -0.28336529  0.27965037 -0.59327422 -0.20520355  0.37239628  0.28682285
  0.375536   -0.07688382 -0.17272566 -0.28336529  0.93112151  0.34994457
  0.11691751  0.86454976  0.31726589 -0.34079148 -0.94166498  0.31251866
 -1.25499945  0.27965037  0.34994457  0.52288287  0.01364908 -0.13978389
 -0.35162914 -0.55367842  1.16575505 -0.13093949  0.09243176 -0.59327422
  0.11691751  0.01364908 -0.40463887 -1.01649628 -0.21817861  0.3799714
  2.08725401 -0.07294561 -0.08619838 -0.20520355  0.86454976 -0.13978389
 -1.01649628 -0.12759787 -0.32088259 -0.1467111  -0.74167335 -0.5209721
  0.06335398  0.37239628  0.31726589 -0.35162914 -0.21817861 -0.32088259
  1.62937725 -0.85561367 -0.77867988  1.34754034  1.02393144  0.28682285
 -0.34079148 -0.55367842  0.3799714  -0.1467111  -0.85561367  1.8507346
 -0.47183728  1.27961225 -0.56483869  0.375536   -0.94166498  1.16575505
  2.08725401 -0.74167335 -0.77867988 -0.47183728  0.56351118 -1.02289048
  0.92406327 -0.07688382  0.31251866 -0.13093949 -0.07294561 -0.5209721
  1.34754034  1.27961225 -1.02289048 -0.44852868]
q vector recovered: [ 0.9293803  -0.8192933  -0.97682783 -1.4487114  -0.53823887 -1.60860237
 -0.50605222  2.14280192 -2.73133397  0.44923805]
Scalar c recovered: [6.72315892]
