dual ref: 386.3823305417556
CP: 358.928
    _total_solve_time = 1.80173
    iteration = 1
    Average square error reconstruction: 0.08973198324959576
    
    
 With GUROBI 
 LSE = 358.928
_total_solve_time = 0.213966
