Obj value returned by the solver: 444.1674312842836
Obj: 444.1674312842836
Obj value computed with solution variables: 23
SolTime: 0.7030329704284668
Q matrix recovered: [[1.11950126 1.14436401 0.79346741 0.57430563 0.58774513 1.01594497
  0.77799475 0.92370443 0.79380909 0.74312298 0.5128771  0.74062865
  0.68787353 0.58843695 1.29332669]
 [1.14436401 2.10628409 0.65274031 1.3039235  1.14210486 0.79164635
  1.30722089 1.38718182 0.92705517 1.62390927 0.68366311 1.01163426
  0.78398822 1.10810256 0.99212965]
 [0.79346741 0.65274031 1.60752433 1.07683323 1.08969963 0.99093429
  0.76854282 1.576014   0.97321949 0.54182639 1.57871347 0.98010616
  1.48702721 0.98020964 0.69745474]
 [0.57430563 1.3039235  1.07683323 2.06330745 1.20690479 1.28818796
  1.10909534 1.02336489 1.29218945 1.03604857 1.09099429 1.13695378
  1.72900704 1.6385269  0.93087231]
 [0.58774513 1.14210486 1.08969963 1.20690479 1.57415383 0.39784415
  0.82985662 1.34974729 0.97014385 1.4531013  1.46870967 0.89640537
  1.08112742 1.18989503 0.72609008]
 [1.01594497 0.79164635 0.99093429 1.28818796 0.39784415 1.50658659
  1.00848264 0.6208553  0.84444146 0.23797581 0.39361428 0.96711363
  1.17494248 1.00432569 1.32856732]
 [0.77799475 1.30722089 0.76854282 1.10909534 0.82985662 1.00848264
  1.56344009 1.01190991 0.61008033 1.08809089 0.60472089 1.39146362
  0.42301236 1.27235896 1.06265133]
 [0.92370443 1.38718182 1.576014   1.02336489 1.34974729 0.6208553
  1.01190991 1.96317187 1.08180263 1.24598519 1.63093024 0.96271303
  1.43247719 1.27547314 0.87062633]
 [0.79380909 0.92705517 0.97321949 1.29218945 0.97014385 0.84444146
  0.61008033 1.08180263 1.74141294 1.05062865 1.66320685 0.78045405
  1.51513607 1.17156904 1.08276176]
 [0.74312298 1.62390927 0.54182639 1.03604857 1.4531013  0.23797581
  1.08809089 1.24598519 1.05062865 1.90222287 1.08547265 1.15500333
  0.4828816  1.21511231 1.16570113]
 [0.5128771  0.68366311 1.57871347 1.09099429 1.46870967 0.39361428
  0.60472089 1.63093024 1.66320685 1.08547265 2.33401627 0.94898169
  1.43365048 0.98100869 0.28153398]
 [0.74062865 1.01163426 0.98010616 1.13695378 0.89640537 0.96711363
  1.39146362 0.96271303 0.78045405 1.15500333 0.94898169 1.55144223
  0.49994644 0.97549452 0.90604003]
 [0.68787353 0.78398822 1.48702721 1.72900704 1.08112742 1.17494248
  0.42301236 1.43247719 1.51513607 0.4828816  1.43365048 0.49994644
  2.40616822 1.48453336 0.92900693]
 [0.58843695 1.10810256 0.98020964 1.6385269  1.18989503 1.00432569
  1.27235896 1.27547314 1.17156904 1.21511231 0.98100869 0.97549452
  1.48453336 1.84969926 1.57687877]
 [1.29332669 0.99212965 0.69745474 0.93087231 0.72609008 1.32856732
  1.06265133 0.87062633 1.08276176 1.16570113 0.28153398 0.90604003
  0.92900693 1.57687877 2.5795133 ]]
q vector recovered: [ 0.36587041  1.4878372   0.58882369  2.94636595  2.41978481  3.272257
  2.18296107  2.81710781  3.20390372 -0.36194238 -0.00447535  2.08360552
 -0.21285299  2.4539335  -0.55659776]
Scalar c recovered: [1.12087533]


*************************CP****************************
Objective 349.0820078
SolTime 424.874

Q matrix: :       1          2          3          4          5           6        :=
1    0.231425   1.26716    0.742711   0.527621   0.607294   0.920773
2    1.26716    1.53024    0.64858    1.24313    0.996982   0.931919
3    0.742711   0.64858    0.727308   0.935995   1.12142    1.23168
4    0.527621   1.24313    0.935995   1.96166    1.18773    1.34626
5    0.607294   0.996982   1.12142    1.18773    1.26504    0.377748
6    0.920773   0.931919   1.23168    1.34626    0.377748   0.316781
7    0.895636   1.30154    0.503437   0.97996    0.915052   1.15734
8    0.886391   1.39004    1.69829    1.06018    1.29744    0.408063
9    0.742965   0.945224   0.775911   1.24417    0.924444   0.982234
10   0.579004   1.97088    0.438096   1.02209    1.61393    0.0265888
11   0.508958   0.601568   1.64514    1.03753    1.35369    0.228289
12   0.723112   0.830994   1.10476    1.15218    0.776893   0.994308
13   0.82153    0.755089   1.41534    1.69941    1.06914    1.22824
14   0.258699   1.15565    1.14169    1.71302    1.09949    0.81541
15   1.45243    0.784838   0.677552   0.867097   0.666646   1.49495

:       7          8          9          10          11         12       :=
1    0.895636   0.886391   0.742965   0.579004    0.508958   0.723112
2    1.30154    1.39004    0.945224   1.97088     0.601568   0.830994
3    0.503437   1.69829    0.775911   0.438096    1.64514    1.10476
4    0.97996    1.06018    1.24417    1.02209     1.03753    1.15218
5    0.915052   1.29744    0.924444   1.61393     1.35369    0.776893
6    1.15734    0.408063   0.982234   0.0265888   0.228289   0.994308
7    0.654492   1.06759    0.466937   0.953459    0.619978   1.5301
8    1.06759    1.71511    1.10562    1.20093     1.53271    0.918192
9    0.466937   1.10562    1.47937    1.05442     1.75237    0.80338
10   0.953459   1.20093    1.05442    0.547111    1.06383    1.46421
11   0.619978   1.53271    1.75237    1.06383     1.86427    0.870891
12   1.5301     0.918192   0.80338    1.46421     0.870891   0.988248
13   0.290615   1.43987    1.47401    0.425406    1.45853    0.563059
14   1.61363    1.16837    1.18041    1.23601     0.968418   0.79756
15   0.942356   0.909248   1.03286    1.35702     0.224623   0.8509

:       13         14         15       :=
1    0.82153    0.258699   1.45243
2    0.755089   1.15565    0.784838
3    1.41534    1.14169    0.677552
4    1.69941    1.71302    0.867097
5    1.06914    1.09949    0.666646
6    1.22824    0.81541    1.49495
7    0.290615   1.61363    0.942356
8    1.43987    1.16837    0.909248
9    1.47401    1.18041    1.03286
10   0.425406   1.23601    1.35702
11   1.45853    0.968418   0.224623
12   0.563059   0.79756    0.8509
13   2.04662    1.64653    0.787199
14   1.64653    0.691361   1.76783
15   0.787199   1.76783    1.93733

q vector: q [*] :=
 1   0.926526
 2   1.80668
 3   1.0818
 4   3.21039
 5   2.78702
 6   3.84527
 7   2.65148
 8   3.1094
 9   3.46433
10   0.176606
11   0.482177
12   2.35698
13  -0.00464698
14   3.00016
15  -0.232962
;

c = 0.0138508


