Obj value returned by the solver: 444.1674312842836
Obj: 444.1674312842836
Obj value computed with solution variables: 23
SolTime: 0.7030329704284668
Q matrix recovered: [[1.11950126 1.14436401 0.79346741 0.57430563 0.58774513 1.01594497
  0.77799475 0.92370443 0.79380909 0.74312298 0.5128771  0.74062865
  0.68787353 0.58843695 1.29332669]
 [1.14436401 2.10628409 0.65274031 1.3039235  1.14210486 0.79164635
  1.30722089 1.38718182 0.92705517 1.62390927 0.68366311 1.01163426
  0.78398822 1.10810256 0.99212965]
 [0.79346741 0.65274031 1.60752433 1.07683323 1.08969963 0.99093429
  0.76854282 1.576014   0.97321949 0.54182639 1.57871347 0.98010616
  1.48702721 0.98020964 0.69745474]
 [0.57430563 1.3039235  1.07683323 2.06330745 1.20690479 1.28818796
  1.10909534 1.02336489 1.29218945 1.03604857 1.09099429 1.13695378
  1.72900704 1.6385269  0.93087231]
 [0.58774513 1.14210486 1.08969963 1.20690479 1.57415383 0.39784415
  0.82985662 1.34974729 0.97014385 1.4531013  1.46870967 0.89640537
  1.08112742 1.18989503 0.72609008]
 [1.01594497 0.79164635 0.99093429 1.28818796 0.39784415 1.50658659
  1.00848264 0.6208553  0.84444146 0.23797581 0.39361428 0.96711363
  1.17494248 1.00432569 1.32856732]
 [0.77799475 1.30722089 0.76854282 1.10909534 0.82985662 1.00848264
  1.56344009 1.01190991 0.61008033 1.08809089 0.60472089 1.39146362
  0.42301236 1.27235896 1.06265133]
 [0.92370443 1.38718182 1.576014   1.02336489 1.34974729 0.6208553
  1.01190991 1.96317187 1.08180263 1.24598519 1.63093024 0.96271303
  1.43247719 1.27547314 0.87062633]
 [0.79380909 0.92705517 0.97321949 1.29218945 0.97014385 0.84444146
  0.61008033 1.08180263 1.74141294 1.05062865 1.66320685 0.78045405
  1.51513607 1.17156904 1.08276176]
 [0.74312298 1.62390927 0.54182639 1.03604857 1.4531013  0.23797581
  1.08809089 1.24598519 1.05062865 1.90222287 1.08547265 1.15500333
  0.4828816  1.21511231 1.16570113]
 [0.5128771  0.68366311 1.57871347 1.09099429 1.46870967 0.39361428
  0.60472089 1.63093024 1.66320685 1.08547265 2.33401627 0.94898169
  1.43365048 0.98100869 0.28153398]
 [0.74062865 1.01163426 0.98010616 1.13695378 0.89640537 0.96711363
  1.39146362 0.96271303 0.78045405 1.15500333 0.94898169 1.55144223
  0.49994644 0.97549452 0.90604003]
 [0.68787353 0.78398822 1.48702721 1.72900704 1.08112742 1.17494248
  0.42301236 1.43247719 1.51513607 0.4828816  1.43365048 0.49994644
  2.40616822 1.48453336 0.92900693]
 [0.58843695 1.10810256 0.98020964 1.6385269  1.18989503 1.00432569
  1.27235896 1.27547314 1.17156904 1.21511231 0.98100869 0.97549452
  1.48453336 1.84969926 1.57687877]
 [1.29332669 0.99212965 0.69745474 0.93087231 0.72609008 1.32856732
  1.06265133 0.87062633 1.08276176 1.16570113 0.28153398 0.90604003
  0.92900693 1.57687877 2.5795133 ]]
q vector recovered: [ 0.36587041  1.4878372   0.58882369  2.94636595  2.41978481  3.272257
  2.18296107  2.81710781  3.20390372 -0.36194238 -0.00447535  2.08360552
 -0.21285299  2.4539335  -0.55659776]
Scalar c recovered: [1.12087533]
