Obj value returned by the solver: 1592.5959066885675
Obj value computed with solution variables: [1592.59590741]
Average LSE = 0.3981489766721419SolTime: 0.8739240169525146
Q matrix recovered: [[ 2.76318915  0.11439008 -0.20031882 -0.55510255  0.27205617  0.4939472
  -0.45972754  0.01327359  0.00851801 -0.51042476 -0.80294621 -1.38597981
   0.26193933  0.50370619  0.26748012]
 [ 0.11439008  2.91987456 -0.4501131   0.82511028  1.3273027  -0.25291824
   0.39074237 -0.53298187  0.68718784 -0.5828842  -0.32640126 -0.03202547
  -0.07905856 -0.45603858  0.59414931]
 [-0.20031882 -0.4501131   3.62935568  1.11860134 -0.06469286 -0.43319278
  -0.65629954  0.81088544  0.16376123 -0.72616009  0.44723923  0.6325824
  -0.92522866 -0.13866613 -0.01539742]
 [-0.55510255  0.82511028  1.11860134  1.97306257  0.45512122  0.00834467
  -0.60202115  0.0297343  -0.01668487  0.01356178  0.56616559 -0.57856862
   0.27595106 -0.04888898  0.87791516]
 [ 0.27205617  1.3273027  -0.06469286  0.45512122  2.92453835 -1.21328323
  -0.69257791  0.62539619 -0.07702019  0.05377824 -0.82944143  0.48133765
  -0.2939797   0.3079073  -0.93859652]
 [ 0.4939472  -0.25291824 -0.43319278  0.00834467 -1.21328323  2.26936299
  -0.30367569 -0.42124173  0.40070762 -0.32951205  0.55283039  0.42263211
  -0.35665612  0.08422553  1.0015278 ]
 [-0.45972754  0.39074237 -0.65629954 -0.60202115 -0.69257791 -0.30367569
   1.35290229 -0.29800198 -0.10470553  0.11449166  0.24070846  0.2740497
   0.11208467 -0.56155495 -0.38699768]
 [ 0.01327359 -0.53298187  0.81088544  0.0297343   0.62539619 -0.42124173
  -0.29800198  1.67995378  0.43003234 -0.33400471  0.56792709  1.06532885
  -0.033418    1.17686812 -0.67330128]
 [ 0.00851801  0.68718784  0.16376123 -0.01668487 -0.07702019  0.40070762
  -0.10470553  0.43003234  1.35798627 -1.23005441  0.53217017  0.76887569
   0.19801447  0.57521032  0.90173778]
 [-0.51042476 -0.5828842  -0.72616009  0.01356178  0.05377824 -0.32951205
   0.11449166 -0.33400471 -1.23005441  2.00553725 -0.64550967 -0.6053007
  -0.63211429 -0.10249081 -1.0300195 ]
 [-0.80294621 -0.32640126  0.44723923  0.56616559 -0.82944143  0.55283039
   0.24070846  0.56792709  0.53217017 -0.64550967  1.63773027  0.75746061
   0.7629435   0.31522834  0.78371615]
 [-1.38597981 -0.03202547  0.6325824  -0.57856862  0.48133765  0.42263211
   0.2740497   1.06532885  0.76887569 -0.6053007   0.75746061  3.59700307
  -1.47603299  0.10579761 -1.09767172]
 [ 0.26193933 -0.07905856 -0.92522866  0.27595106 -0.2939797  -0.35665612
   0.11208467 -0.033418    0.19801447 -0.63211429  0.7629435  -1.47603299
   2.27413582  0.3409066   1.18907729]
 [ 0.50370619 -0.45603858 -0.13866613 -0.04888898  0.3079073   0.08422553
  -0.56155495  1.17686812  0.57521032 -0.10249081  0.31522834  0.10579761
   0.3409066   1.46817635  0.07556729]
 [ 0.26748012  0.59414931 -0.01539742  0.87791516 -0.93859652  1.0015278
  -0.38699768 -0.67330128  0.90173778 -1.0300195   0.78371615 -1.09767172
   1.18907729  0.07556729  2.30644727]]
q vector recovered: [-4.0520742  -1.34066671  1.88664985 -1.23158048 -0.8386679  -0.87983114
 -1.55747947 -2.66745335 -2.13672064 -2.23797091 -2.83772825  0.57512674
 -3.71586067 -3.69079246 -2.214152  ]
Scalar c recovered: [16.72060632]
