Obj value returned by the solver: 646.510217227454
Obj: 646.510217227454
Obj value computed with solution variables: 22
Average LSE = 0.16162755430686349SolTime: 0.881817102432251
Q matrix recovered: [[ 1.52256518  0.52698744  0.58895234 -0.60718895  0.57624869  0.89150718
  -0.77333459 -0.19529192 -0.1891604  -1.04581004 -1.03704069 -1.16687969
  -0.22014469  0.19336277  0.26659883]
 [ 0.52698744  2.60490927 -0.90937346  1.29637554  1.61987282 -0.20041112
   0.99069302 -0.31576041  0.94640787 -0.42497029 -0.02736866 -0.14780957
  -0.13498416 -0.22746978  0.87323507]
 [ 0.58895234 -0.90937346  2.25693397  1.29351011  0.0484723  -0.60711045
   0.07092379  1.25057537  0.40696296 -0.09493992  1.19623336  0.46451967
  -0.44357164  0.43446164  0.13638475]
 [-0.60718895  1.29637554  1.29351011  1.05356045  0.75711025  0.54166487
  -0.36580588  0.52505295 -0.11591859  0.3146582   0.96857862 -0.88509992
   0.81121373  0.23084476  0.89622852]
 [ 0.57624869  1.61987282  0.0484723   0.75711025  2.49797881 -1.27254547
  -0.81984773  0.61948501 -0.0202097   0.22840668 -0.84597259  0.94710953
  -0.06560171  0.35546591 -0.83342458]
 [ 0.89150718 -0.20041112 -0.60711045  0.54166487 -1.27254547  1.98646569
  -0.33717249 -0.35659381  0.54115678 -0.3966774   0.68088364  0.85181571
  -0.52744848 -0.05429249  1.03838486]
 [-0.77333459  0.99069302  0.07092379 -0.36580588 -0.81984773 -0.33717249
  -0.02626819 -0.73589628  0.14919851 -0.02670941  0.13998745  0.63590103
  -0.16043636 -1.13152433 -0.5738165 ]
 [-0.19529192 -0.31576041  1.25057537  0.52505295  0.61948501 -0.35659381
  -0.73589628  0.08839808  0.55100696 -0.83453703  0.56403271  1.44800006
  -0.41000084  1.2361955  -1.06688019]
 [-0.1891604   0.94640787  0.40696296 -0.11591859 -0.0202097   0.54115678
   0.14919851  0.55100696  0.15704073 -1.36447735  0.35109163  0.96755758
   0.14733652  0.95105121  1.3706788 ]
 [-1.04581004 -0.42497029 -0.09493992  0.3146582   0.22840668 -0.3966774
  -0.02670941 -0.83453703 -1.36447735  0.49597139 -0.81753052 -0.4037389
  -1.44394368 -0.35660136 -0.92953883]
 [-1.03704069 -0.02736866  1.19623336  0.96857862 -0.84597259  0.68088364
   0.13998745  0.56403271  0.35109163 -0.81753052  0.29741321  1.37351238
   0.59661316 -0.19304706  1.24030489]
 [-1.16687969 -0.14780957  0.46451967 -0.88509992  0.94710953  0.85181571
   0.63590103  1.44800006  0.96755758 -0.4037389   1.37351238  2.22283116
  -1.38876101  0.49129782 -1.16092844]
 [-0.22014469 -0.13498416 -0.44357164  0.81121373 -0.06560171 -0.52744848
  -0.16043636 -0.41000084  0.14733652 -1.44394368  0.59661316 -1.38876101
   0.17737918 -0.15105416  1.42076018]
 [ 0.19336277 -0.22746978  0.43446164  0.23084476  0.35546591 -0.05429249
  -1.13152433  1.2361955   0.95105121 -0.35660136 -0.19304706  0.49129782
  -0.15105416 -0.59629075  0.22622398]
 [ 0.26659883  0.87323507  0.13638475  0.89622852 -0.83342458  1.03838486
  -0.5738165  -1.06688019  1.3706788  -0.92953883  1.24030489 -1.16092844
   1.42076018  0.22622398  1.09502641]]
q vector recovered: [-3.46470189 -2.47765149  0.57862012 -2.44046082 -1.59385588 -1.35034676
 -1.0035138  -1.88067488 -2.33699082 -1.10616811 -2.91799102 -0.02695436
 -2.13668337 -2.67323639 -2.30472947]
Scalar c recovered: [17.71218609]
