Obj value returned by the solver: 440.8447349883672
Obj value computed with solution variables: [440.84473494]
Average LSE = 0.1102111837470918SolTime: 0.3573319911956787
Q matrix recovered: [[ 5.49860632 -2.39131525  1.11771954  2.10640152  2.09661487  0.81329449
   0.84169924  2.02375544  1.75543204 -1.52078732 -0.29590916 -0.66601007
   1.06125727]
 [-2.39131525  5.23263523 -2.85405752 -2.67262321 -0.08984692 -0.01803613
   0.14823197 -0.41304159  0.43869032  2.40085612  0.61402055 -1.57405001
  -0.29383827]
 [ 1.11771954 -2.85405752  3.87595079  1.97200159 -0.43084836  0.94219448
  -0.3049742   0.87003937 -0.76826124 -1.38901463  0.56708105  1.69641321
   0.6173057 ]
 [ 2.10640152 -2.67262321  1.97200159  5.56552939  2.15855087  0.17020509
  -0.44296265 -0.76539184  1.00460764 -1.16582573  2.66700961 -0.10247474
  -0.49056152]
 [ 2.09661487 -0.08984692 -0.43084836  2.15855087  4.07777223 -0.4320043
  -1.32162867 -0.96737717  1.14600276 -0.75664986  1.22045092 -1.27323066
   1.25197053]
 [ 0.81329449 -0.01803613  0.94219448  0.17020509 -0.4320043   5.41546156
   0.2225563   0.48475963  0.13035226 -2.30112175  1.84794688 -0.58195563
   0.34290872]
 [ 0.84169924  0.14823197 -0.3049742  -0.44296265 -1.32162867  0.2225563
   3.76784629  0.57798021 -1.50184201  1.0960319  -2.37164292  0.24837504
  -1.26223253]
 [ 2.02375544 -0.41304159  0.87003937 -0.76539184 -0.96737717  0.48475963
   0.57798021  5.9337429   0.75059115  0.67812416 -0.31082085  1.53907388
   2.39995131]
 [ 1.75543204  0.43869032 -0.76826124  1.00460764  1.14600276  0.13035226
  -1.50184201  0.75059115  4.09247011 -0.64342133  2.76555043 -1.32483174
  -0.04487705]
 [-1.52078732  2.40085612 -1.38901463 -1.16582573 -0.75664986 -2.30112175
   1.0960319   0.67812416 -0.64342133  4.47228506 -0.77793997 -0.15368689
  -1.01692345]
 [-0.29590916  0.61402055  0.56708105  2.66700961  1.22045092  1.84794688
  -2.37164292 -0.31082085  2.76555043 -0.77793997  6.8312276  -1.08521558
   0.21163906]
 [-0.66601007 -1.57405001  1.69641321 -0.10247474 -1.27323066 -0.58195563
   0.24837504  1.53907388 -1.32483174 -0.15368689 -1.08521558  5.13001891
  -0.17337333]
 [ 1.06125727 -0.29383827  0.6173057  -0.49056152  1.25197053  0.34290872
  -1.26223253  2.39995131 -0.04487705 -1.01692345  0.21163906 -0.17337333
   3.81194436]]
q vector recovered: [-1.09826705  0.17193778 -0.16039208 -1.91202269 -1.53274525 -0.94340637
 -1.12432366 -1.53842871 -0.53746201  0.22291261 -0.95915964 -0.54686781
 -0.9637525 ]
Scalar c recovered: [1.43491712]
