Obj value returned by the solver: 432.74413112108783
Obj value computed with solution variables: [432.74413212]
Average LSE = 0.10818603278027196SolTime: 0.4535410404205322
Q matrix recovered: [[ 4.50867817e+00 -1.64682971e+00  5.30471226e-01 -1.78037429e+00
  -1.76805617e+00 -2.07459867e+00 -5.69851811e-01 -8.56935462e-01
   1.20197264e+00  2.11182743e+00 -1.58799382e+00 -1.66914131e+00
  -1.15000132e+00  4.41776255e-02 -1.52525699e+00]
 [-1.64682971e+00  5.45268889e+00  1.46342629e-01  4.55295642e-03
  -2.51819402e-01  1.37793824e+00  2.64426266e+00 -1.84844639e+00
  -6.55259391e-01  5.24582659e-01  2.48837799e-01 -5.92942974e-01
   1.25431392e+00 -2.75427878e-01  1.50459866e+00]
 [ 5.30471226e-01  1.46342629e-01  1.87424561e+00 -6.81298316e-01
  -6.67044576e-01 -5.26891094e-01  6.48009459e-02 -1.30062435e+00
   7.60443195e-02 -1.47013368e-01  4.84124883e-01 -1.43296656e+00
  -3.75638390e-01 -3.52595483e-01  1.35565410e+00]
 [-1.78037429e+00  4.55295642e-03 -6.81298316e-01  4.18351620e+00
   4.82302743e-01  4.62860084e-01  2.59239577e-01  4.27045430e-01
   1.29944183e-02  8.87277960e-01  1.41832203e+00  2.59535307e+00
   1.31397737e+00  1.47793294e-01  8.43204800e-01]
 [-1.76805617e+00 -2.51819402e-01 -6.67044576e-01  4.82302743e-01
   6.16843607e+00  6.03576183e-01  1.53695959e+00  1.02560109e+00
   5.96439883e-01 -3.36268983e-01 -3.40779419e-01 -2.17613136e-01
  -4.63860316e-01 -4.22189274e-01  2.55079267e+00]
 [-2.07459867e+00  1.37793824e+00 -5.26891094e-01  4.62860084e-01
   6.03576183e-01  2.92647389e+00 -3.46245629e-01  2.71695168e-01
   2.83983151e-01 -1.36138900e+00  1.16613853e+00 -4.70009351e-01
   1.46104528e+00 -1.60952242e-01 -1.38596735e+00]
 [-5.69851811e-01  2.64426266e+00  6.48009459e-02  2.59239577e-01
   1.53695959e+00 -3.46245629e-01  5.29469875e+00 -1.79449829e+00
   1.05953911e+00  2.19378497e+00  5.01969675e-01  8.80165341e-01
  -1.19704356e+00  6.98589116e-01  2.95367738e+00]
 [-8.56935462e-01 -1.84844639e+00 -1.30062435e+00  4.27045430e-01
   1.02560109e+00  2.71695168e-01 -1.79449829e+00  5.34519889e+00
  -2.85437681e+00  1.06734068e+00 -2.19559946e+00  2.03682317e+00
   1.95756948e+00  1.21776875e+00 -7.61244279e-01]
 [ 1.20197264e+00 -6.55259391e-01  7.60443195e-02  1.29944183e-02
   5.96439883e-01  2.83983151e-01  1.05953911e+00 -2.85437681e+00
   5.69617386e+00 -1.36247434e-01  3.55440391e+00 -1.24537461e+00
  -8.09919171e-01  1.84714197e+00 -3.29051406e-01]
 [ 2.11182743e+00  5.24582659e-01 -1.47013368e-01  8.87277960e-01
  -3.36268983e-01 -1.36138900e+00  2.19378497e+00  1.06734068e+00
  -1.36247434e-01  7.58698269e+00 -2.94551948e+00  1.52461396e+00
   1.32123679e+00  1.36997514e+00  6.36884597e-01]
 [-1.58799382e+00  2.48837799e-01  4.84124883e-01  1.41832203e+00
  -3.40779419e-01  1.16613853e+00  5.01969675e-01 -2.19559946e+00
   3.55440391e+00 -2.94551948e+00  6.84804235e+00  3.57261472e-01
   8.72397341e-01  1.54069064e+00  1.52688539e+00]
 [-1.66914131e+00 -5.92942974e-01 -1.43296656e+00  2.59535307e+00
  -2.17613136e-01 -4.70009351e-01  8.80165341e-01  2.03682317e+00
  -1.24537461e+00  1.52461396e+00  3.57261472e-01  5.78855131e+00
   1.34444013e+00 -3.29958996e-01  6.76197066e-01]
 [-1.15000132e+00  1.25431392e+00 -3.75638390e-01  1.31397737e+00
  -4.63860316e-01  1.46104528e+00 -1.19704356e+00  1.95756948e+00
  -8.09919171e-01  1.32123679e+00  8.72397341e-01  1.34444013e+00
   4.14178431e+00  4.21232555e-01 -2.14393825e-01]
 [ 4.41776255e-02 -2.75427878e-01 -3.52595483e-01  1.47793294e-01
  -4.22189274e-01 -1.60952242e-01  6.98589116e-01  1.21776875e+00
   1.84714197e+00  1.36997514e+00  1.54069064e+00 -3.29958996e-01
   4.21232555e-01  4.59672480e+00  5.25957647e-01]
 [-1.52525699e+00  1.50459866e+00  1.35565410e+00  8.43204800e-01
   2.55079267e+00 -1.38596735e+00  2.95367738e+00 -7.61244279e-01
  -3.29051406e-01  6.36884597e-01  1.52688539e+00  6.76197066e-01
  -2.14393825e-01  5.25957647e-01  6.43600222e+00]]
q vector recovered: [-0.30532339 -0.81540248 -0.69859963 -0.6770722  -0.16281803  0.16484798
 -1.91878725  0.6069457  -1.57075928 -0.40054687 -1.14272574 -1.0356074
 -1.07604195 -0.80917706 -1.88365694]
Scalar c recovered: [1.28081863]
