Obj value returned by the solver: 392.98987562947457
Obj value computed with solution variables: [392.98987771]
Average LSE = 0.09824746890736864SolTime: 0.7350509166717529
Q matrix recovered: [[ 3.40506046e+00 -1.52955235e+00 -8.22092043e-02 -9.87300033e-01
   1.38578766e+00  1.19756396e+00 -8.32594972e-01  9.87786174e-01
  -5.54978993e-01  1.06246012e-01 -6.10851698e-01 -1.38146463e+00
   5.80623067e-01 -9.82378748e-02  2.78453734e+00]
 [-1.52955235e+00  6.31872159e+00  4.46623777e-01 -7.99387863e-01
   2.01495177e-01 -5.65591956e-01 -2.83661555e-01  2.13568055e+00
  -1.01522926e+00  4.62065376e-01  8.48808219e-01  6.38143349e-01
   8.18227824e-02  2.56498466e+00 -2.03539389e+00]
 [-8.22092043e-02  4.46623777e-01  4.71773324e+00  1.64552275e+00
  -5.52196992e-01 -1.95356117e+00  1.08740631e+00 -2.42614993e+00
  -1.72341659e+00  9.64123412e-01 -7.86788238e-01 -1.81249084e+00
  -1.09018460e-01  1.03923184e-03 -1.49597488e+00]
 [-9.87300033e-01 -7.99387863e-01  1.64552275e+00  3.42737038e+00
  -9.42256735e-01 -9.93066864e-01  8.03881148e-01 -2.37817043e+00
   5.99988599e-01  5.38906353e-01 -3.78227810e-01 -5.19905072e-01
   7.55743163e-01 -7.79185045e-01 -1.19586480e+00]
 [ 1.38578766e+00  2.01495177e-01 -5.52196992e-01 -9.42256735e-01
   5.79235402e+00 -1.24370800e-02 -1.16371386e+00  5.84846120e-01
   1.01053434e-01 -1.78200480e+00 -1.43303085e+00 -2.00100896e+00
   2.13701088e+00 -1.88844339e+00  3.36326687e+00]
 [ 1.19756396e+00 -5.65591956e-01 -1.95356117e+00 -9.93066864e-01
  -1.24370800e-02  4.91180128e+00 -1.84698088e+00  2.33538981e-01
   1.64387368e+00  2.51563319e+00  2.20803839e+00  3.03397887e+00
   3.98553462e-01  5.26860855e-01  4.64416729e-01]
 [-8.32594972e-01 -2.83661555e-01  1.08740631e+00  8.03881148e-01
  -1.16371386e+00 -1.84698088e+00  4.45829470e+00 -1.11646812e-01
  -1.60862296e-01 -4.51632113e-01  1.67240925e+00 -6.66597885e-01
  -9.48499151e-01 -4.43719879e-01 -9.66443564e-01]
 [ 9.87786174e-01  2.13568055e+00 -2.42614993e+00 -2.37817043e+00
   5.84846120e-01  2.33538981e-01 -1.11646812e-01  6.26100702e+00
   1.27893771e-01 -3.47216153e-01  1.07968498e+00  9.01601838e-01
  -2.08469628e+00  2.27581400e+00  7.14317153e-01]
 [-5.54978993e-01 -1.01522926e+00 -1.72341659e+00  5.99988599e-01
   1.01053434e-01  1.64387368e+00 -1.60862296e-01  1.27893771e-01
   6.22232774e+00 -6.57683975e-01  1.55232699e+00  1.75006727e+00
   2.05532151e+00 -4.73645644e-01  2.77586507e-01]
 [ 1.06246012e-01  4.62065376e-01  9.64123412e-01  5.38906353e-01
  -1.78200480e+00  2.51563319e+00 -4.51632113e-01 -3.47216153e-01
  -6.57683975e-01  5.26213394e+00  1.52877348e+00  1.94648688e+00
  -1.72549355e+00  2.38452328e+00 -2.41074629e+00]
 [-6.10851698e-01  8.48808219e-01 -7.86788238e-01 -3.78227810e-01
  -1.43303085e+00  2.20803839e+00  1.67240925e+00  1.07968498e+00
   1.55232699e+00  1.52877348e+00  6.58417134e+00  1.99446432e+00
   5.27763817e-01  2.44731836e-01 -2.17891894e+00]
 [-1.38146463e+00  6.38143349e-01 -1.81249084e+00 -5.19905072e-01
  -2.00100896e+00  3.03397887e+00 -6.66597885e-01  9.01601838e-01
   1.75006727e+00  1.94648688e+00  1.99446432e+00  5.84665878e+00
  -1.74671728e+00  1.21423482e+00 -1.72636633e+00]
 [ 5.80623067e-01  8.18227824e-02 -1.09018460e-01  7.55743163e-01
   2.13701088e+00  3.98553462e-01 -9.48499151e-01 -2.08469628e+00
   2.05532151e+00 -1.72549355e+00  5.27763817e-01 -1.74671728e+00
   6.94885181e+00 -1.11947957e+00  2.96824702e+00]
 [-9.82378748e-02  2.56498466e+00  1.03923184e-03 -7.79185045e-01
  -1.88844339e+00  5.26860855e-01 -4.43719879e-01  2.27581400e+00
  -4.73645644e-01  2.38452328e+00  2.44731836e-01  1.21423482e+00
  -1.11947957e+00  5.06560711e+00 -2.05067567e-01]
 [ 2.78453734e+00 -2.03539389e+00 -1.49597488e+00 -1.19586480e+00
   3.36326687e+00  4.64416729e-01 -9.66443564e-01  7.14317153e-01
   2.77586507e-01 -2.41074629e+00 -2.17891894e+00 -1.72636633e+00
   2.96824702e+00 -2.05067567e-01  6.48506900e+00]]
q vector recovered: [-1.03643941 -1.68741199  0.69394718  0.31909341 -0.08434344 -2.51296909
 -0.58645359  0.17350587  0.63530811  0.03480708 -2.13771584 -2.07621387
 -0.54761813  0.01746075 -1.75428224]
Scalar c recovered: [-1.51820227e-07]
