Obj value returned by the solver: 397.5907764272525
Obj value computed with solution variables: [397.5907768]
Average LSE = 0.09939769410681312SolTime: 0.19929194450378418
Q matrix recovered: [[ 4.76337372  0.96172959  1.79146367 -0.4825415   0.78663016  1.80292027
   1.16246396 -0.32649135 -1.51277436  0.81868759]
 [ 0.96172959  5.24996349  0.25261595 -0.20140287 -0.27886771 -1.28839327
  -0.53560478  2.11333826  0.98777372  1.14055752]
 [ 1.79146367  0.25261595  3.23592793  0.37604007  0.70346858  0.58229983
  -0.68130198  0.81231285 -1.51928265  0.75873903]
 [-0.4825415  -0.20140287  0.37604007  2.53829856  1.24875407  0.24111623
  -1.14017795  1.55122995 -0.35002286 -0.92457665]
 [ 0.78663016 -0.27886771  0.70346858  1.24875407  1.83461066  0.97979944
  -0.43580183  0.23310245  0.16053778 -0.44594353]
 [ 1.80292027 -1.28839327  0.58229983  0.24111623  0.97979944  2.98543494
   0.48121826 -0.76397783 -0.97526098  0.70639151]
 [ 1.16246396 -0.53560478 -0.68130198 -1.14017795 -0.43580183  0.48121826
   2.84249663 -1.06206857 -1.11053625  0.19757989]
 [-0.32649135  2.11333826  0.81231285  1.55122995  0.23310245 -0.76397783
  -1.06206857  2.91751851 -0.39165257 -0.01442547]
 [-1.51277436  0.98777372 -1.51928265 -0.35002286  0.16053778 -0.97526098
  -1.11053625 -0.39165257  3.20720495 -0.46494621]
 [ 0.81868759  1.14055752  0.75873903 -0.92457665 -0.44594353  0.70639151
   0.19757989 -0.01442547 -0.46494621  2.23570245]]
q vector recovered: [-1.61358819 -0.9228084  -0.47838331  0.64168464  0.8307025  -0.30332733
 -1.30216963  0.11936471  0.38252741  0.33328411]
Scalar c recovered: [0.59848259]
