Obj value returned by the solver: 1848.8765841504085
Obj: 1848.8765841504085
Obj value computed with solution variables: 24
SolTime: 1.081399917602539
Q matrix recovered: [[5.33916239 2.90063864 3.42070088 1.57773683 2.5467794  2.57601715
  1.95455181 2.98710449 2.52224391 2.70800715 1.57144742 1.99475141
  3.32057868 3.34668704 3.11230677]
 [2.90063864 5.88854673 2.83039457 2.97343944 3.53382416 1.03354524
  3.08827863 2.49508454 2.42345463 2.32061945 2.64882638 1.69889748
  3.55497232 1.87628464 1.64294483]
 [3.42070088 2.83039457 4.43451101 2.36970513 3.27063822 2.82353529
  2.87124554 2.70880338 1.63402752 2.85898998 2.37746926 3.09947082
  2.46542582 3.37666595 2.78568796]
 [1.57773683 2.97343944 2.36970513 4.05017531 2.96555764 1.74735417
  2.27589089 2.38035294 2.53562283 1.88454735 1.86623862 2.11928041
  1.80266876 3.27760065 1.58694843]
 [2.5467794  3.53382416 3.27063822 2.96555764 4.98018824 2.32453738
  1.82687773 2.65725319 2.88097335 3.34392435 1.8185606  2.7477039
  2.52306787 2.58872995 2.88682871]
 [2.57601715 1.03354524 2.82353529 1.74735417 2.32453738 2.8068916
  1.05550128 2.86150172 1.53586612 2.51765657 1.47795883 2.56527175
  2.11583268 2.6576148  2.32573642]
 [1.95455181 3.08827863 2.87124554 2.27589089 1.82687773 1.05550128
  5.16215542 3.1802104  1.66627556 2.47646938 3.42766448 1.13260285
  1.16322246 2.90866744 1.22594873]
 [2.98710449 2.49508454 2.70880338 2.38035294 2.65725319 2.86150172
  3.1802104  5.69919894 3.11674216 3.80179969 3.1386836  2.25254508
  2.68352963 2.66421409 2.81561509]
 [2.52224391 2.42345463 1.63402752 2.53562283 2.88097335 1.53586612
  1.66627556 3.11674216 3.75917344 2.08463417 1.12400378 1.58620307
  1.55325026 1.84892347 2.97765601]
 [2.70800715 2.32061945 2.85898998 1.88454735 3.34392435 2.51765657
  2.47646938 3.80179969 2.08463417 3.74944498 2.61271824 2.21465536
  2.649534   2.81912368 2.20737705]
 [1.57144742 2.64882638 2.37746926 1.86623862 1.8185606  1.47795883
  3.42766448 3.1386836  1.12400378 2.61271824 3.15127583 1.72578854
  2.28736362 2.28375406 0.93990096]
 [1.99475141 1.69889748 3.09947082 2.11928041 2.7477039  2.56527175
  1.13260285 2.25254508 1.58620307 2.21465536 1.72578854 3.56795956
  2.61040176 2.19819057 2.58113057]
 [3.32057868 3.55497232 2.46542582 1.80266876 2.52306787 2.11583268
  1.16322246 2.68352963 1.55325026 2.649534   2.28736362 2.61040176
  4.69494603 2.22165517 1.67478274]
 [3.34668704 1.87628464 3.37666595 3.27760065 2.58872995 2.6576148
  2.90866744 2.66421409 1.84892347 2.81912368 2.28375406 2.19819057
  2.22165517 5.17420932 1.71301822]
 [3.11230677 1.64294483 2.78568796 1.58694843 2.88682871 2.32573642
  1.22594873 2.81561509 2.97765601 2.20737705 0.93990096 2.58113057
  1.67478274 1.71301822 3.74537793]]
q vector recovered: [-2.62529065 -2.63860396 -1.31114896 -1.57964306 -2.67743932 -2.17558335
 -2.31903159 -1.70501203 -1.94916743 -2.60943336 -2.24162562 -2.41750091
 -2.37980602 -2.26027081 -2.22549497]
Scalar c recovered: [1.23626813]
