param n := 49;

param M : 1  2  3  4  5  6  7  8  9  10  11  12  13  14  15  16  17  18  19  20  21  22  23  24  25  26  27  28  29  30  31  32  33  34  35  36  37  38  39  40  41  42  43  44  45  46  47  48  49 :=
   1 1.000000 1.000000 1.000000 1.000000 1.000000 1.000000 1.000000 1.000000 1.000000 0.000000 0.000000 0.000000 0.000000 0.000000 1.000000 0.000000 1.000000 0.000000 0.000000 0.000000 0.000000 1.000000 0.000000 0.000000 1.000000 0.000000 0.000000 0.000000 1.000000 0.000000 0.000000 0.000000 1.000000 0.000000 0.000000 1.000000 0.000000 0.000000 0.000000 0.000000 1.000000 0.000000 1.000000 0.000000 0.000000 0.000000 0.000000 0.000000 1.000000 
   2 1.000000 1.000000 1.000000 1.000000 1.000000 1.000000 1.000000 1.000000 1.000000 1.000000 0.000000 0.000000 0.000000 0.000000 0.000000 1.000000 0.000000 1.000000 0.000000 0.000000 0.000000 0.000000 1.000000 0.000000 0.000000 1.000000 0.000000 0.000000 0.000000 1.000000 0.000000 0.000000 0.000000 1.000000 0.000000 0.000000 1.000000 0.000000 0.000000 0.000000 0.000000 1.000000 0.000000 1.000000 0.000000 0.000000 0.000000 0.000000 0.000000 
   3 1.000000 1.000000 1.000000 1.000000 1.000000 1.000000 1.000000 0.000000 1.000000 1.000000 1.000000 0.000000 0.000000 0.000000 1.000000 0.000000 1.000000 0.000000 1.000000 0.000000 0.000000 0.000000 0.000000 1.000000 0.000000 0.000000 1.000000 0.000000 0.000000 0.000000 1.000000 0.000000 0.000000 0.000000 1.000000 0.000000 0.000000 1.000000 0.000000 0.000000 0.000000 0.000000 0.000000 0.000000 1.000000 0.000000 0.000000 0.000000 0.000000 
   4 1.000000 1.000000 1.000000 1.000000 1.000000 1.000000 1.000000 0.000000 0.000000 1.000000 1.000000 1.000000 0.000000 0.000000 0.000000 1.000000 0.000000 1.000000 0.000000 1.000000 0.000000 1.000000 0.000000 0.000000 1.000000 0.000000 0.000000 1.000000 0.000000 0.000000 0.000000 1.000000 0.000000 0.000000 0.000000 0.000000 0.000000 0.000000 1.000000 0.000000 0.000000 0.000000 0.000000 0.000000 0.000000 1.000000 0.000000 0.000000 0.000000 
   5 1.000000 1.000000 1.000000 1.000000 1.000000 1.000000 1.000000 0.000000 0.000000 0.000000 1.000000 1.000000 1.000000 0.000000 0.000000 0.000000 1.000000 0.000000 1.000000 0.000000 1.000000 0.000000 1.000000 0.000000 0.000000 1.000000 0.000000 0.000000 1.000000 0.000000 0.000000 0.000000 1.000000 0.000000 0.000000 0.000000 0.000000 0.000000 0.000000 1.000000 0.000000 0.000000 0.000000 0.000000 0.000000 0.000000 1.000000 0.000000 0.000000 
   6 1.000000 1.000000 1.000000 1.000000 1.000000 1.000000 1.000000 0.000000 0.000000 0.000000 0.000000 1.000000 1.000000 1.000000 0.000000 0.000000 0.000000 1.000000 0.000000 1.000000 0.000000 0.000000 0.000000 1.000000 0.000000 0.000000 1.000000 0.000000 0.000000 1.000000 0.000000 0.000000 0.000000 1.000000 0.000000 1.000000 0.000000 0.000000 0.000000 0.000000 1.000000 0.000000 0.000000 0.000000 0.000000 0.000000 0.000000 1.000000 0.000000 
   7 1.000000 1.000000 1.000000 1.000000 1.000000 1.000000 1.000000 0.000000 0.000000 0.000000 0.000000 0.000000 1.000000 1.000000 0.000000 0.000000 0.000000 0.000000 1.000000 0.000000 1.000000 0.000000 0.000000 0.000000 1.000000 0.000000 0.000000 1.000000 0.000000 0.000000 1.000000 0.000000 0.000000 0.000000 1.000000 0.000000 1.000000 0.000000 0.000000 0.000000 0.000000 1.000000 1.000000 0.000000 0.000000 0.000000 0.000000 0.000000 1.000000 
   8 1.000000 1.000000 0.000000 0.000000 0.000000 0.000000 0.000000 1.000000 1.000000 1.000000 1.000000 1.000000 1.000000 1.000000 1.000000 1.000000 0.000000 0.000000 0.000000 0.000000 0.000000 1.000000 0.000000 1.000000 0.000000 0.000000 0.000000 0.000000 1.000000 0.000000 0.000000 1.000000 0.000000 0.000000 0.000000 1.000000 0.000000 0.000000 0.000000 1.000000 0.000000 0.000000 1.000000 0.000000 0.000000 0.000000 0.000000 1.000000 0.000000 
   9 1.000000 1.000000 1.000000 0.000000 0.000000 0.000000 0.000000 1.000000 1.000000 1.000000 1.000000 1.000000 1.000000 1.000000 1.000000 1.000000 1.000000 0.000000 0.000000 0.000000 0.000000 0.000000 1.000000 0.000000 1.000000 0.000000 0.000000 0.000000 0.000000 1.000000 0.000000 0.000000 1.000000 0.000000 0.000000 0.000000 1.000000 0.000000 0.000000 0.000000 1.000000 0.000000 0.000000 1.000000 0.000000 0.000000 0.000000 0.000000 1.000000 
   10 0.000000 1.000000 1.000000 1.000000 0.000000 0.000000 0.000000 1.000000 1.000000 1.000000 1.000000 1.000000 1.000000 1.000000 0.000000 1.000000 1.000000 1.000000 0.000000 0.000000 0.000000 1.000000 0.000000 1.000000 0.000000 1.000000 0.000000 0.000000 0.000000 0.000000 1.000000 0.000000 0.000000 1.000000 0.000000 0.000000 0.000000 1.000000 0.000000 0.000000 0.000000 1.000000 0.000000 0.000000 1.000000 0.000000 0.000000 0.000000 0.000000 
   11 0.000000 0.000000 1.000000 1.000000 1.000000 0.000000 0.000000 1.000000 1.000000 1.000000 1.000000 1.000000 1.000000 1.000000 0.000000 0.000000 1.000000 1.000000 1.000000 0.000000 0.000000 0.000000 1.000000 0.000000 1.000000 0.000000 1.000000 0.000000 1.000000 0.000000 0.000000 1.000000 0.000000 0.000000 1.000000 0.000000 0.000000 0.000000 1.000000 0.000000 0.000000 0.000000 0.000000 0.000000 0.000000 1.000000 0.000000 0.000000 0.000000 
   12 0.000000 0.000000 0.000000 1.000000 1.000000 1.000000 0.000000 1.000000 1.000000 1.000000 1.000000 1.000000 1.000000 1.000000 0.000000 0.000000 0.000000 1.000000 1.000000 1.000000 0.000000 0.000000 0.000000 1.000000 0.000000 1.000000 0.000000 1.000000 0.000000 1.000000 0.000000 0.000000 1.000000 0.000000 0.000000 1.000000 0.000000 0.000000 0.000000 1.000000 0.000000 0.000000 0.000000 0.000000 0.000000 0.000000 1.000000 0.000000 0.000000 
   13 0.000000 0.000000 0.000000 0.000000 1.000000 1.000000 1.000000 1.000000 1.000000 1.000000 1.000000 1.000000 1.000000 1.000000 0.000000 0.000000 0.000000 0.000000 1.000000 1.000000 1.000000 0.000000 0.000000 0.000000 1.000000 0.000000 1.000000 0.000000 0.000000 0.000000 1.000000 0.000000 0.000000 1.000000 0.000000 0.000000 1.000000 0.000000 0.000000 0.000000 1.000000 0.000000 1.000000 0.000000 0.000000 0.000000 0.000000 1.000000 0.000000 
   14 0.000000 0.000000 0.000000 0.000000 0.000000 1.000000 1.000000 1.000000 1.000000 1.000000 1.000000 1.000000 1.000000 1.000000 0.000000 0.000000 0.000000 0.000000 0.000000 1.000000 1.000000 0.000000 0.000000 0.000000 0.000000 1.000000 0.000000 1.000000 0.000000 0.000000 0.000000 1.000000 0.000000 0.000000 1.000000 0.000000 0.000000 1.000000 0.000000 0.000000 0.000000 1.000000 0.000000 1.000000 0.000000 0.000000 0.000000 0.000000 1.000000 
   15 1.000000 0.000000 1.000000 0.000000 0.000000 0.000000 0.000000 1.000000 1.000000 0.000000 0.000000 0.000000 0.000000 0.000000 1.000000 1.000000 1.000000 1.000000 1.000000 1.000000 1.000000 1.000000 1.000000 0.000000 0.000000 0.000000 0.000000 0.000000 1.000000 0.000000 1.000000 0.000000 0.000000 0.000000 0.000000 1.000000 0.000000 0.000000 1.000000 0.000000 0.000000 0.000000 1.000000 0.000000 0.000000 0.000000 1.000000 0.000000 0.000000 
   16 0.000000 1.000000 0.000000 1.000000 0.000000 0.000000 0.000000 1.000000 1.000000 1.000000 0.000000 0.000000 0.000000 0.000000 1.000000 1.000000 1.000000 1.000000 1.000000 1.000000 1.000000 1.000000 1.000000 1.000000 0.000000 0.000000 0.000000 0.000000 0.000000 1.000000 0.000000 1.000000 0.000000 0.000000 0.000000 0.000000 1.000000 0.000000 0.000000 1.000000 0.000000 0.000000 0.000000 1.000000 0.000000 0.000000 0.000000 1.000000 0.000000 
   17 1.000000 0.000000 1.000000 0.000000 1.000000 0.000000 0.000000 0.000000 1.000000 1.000000 1.000000 0.000000 0.000000 0.000000 1.000000 1.000000 1.000000 1.000000 1.000000 1.000000 1.000000 0.000000 1.000000 1.000000 1.000000 0.000000 0.000000 0.000000 1.000000 0.000000 1.000000 0.000000 1.000000 0.000000 0.000000 0.000000 0.000000 1.000000 0.000000 0.000000 1.000000 0.000000 0.000000 0.000000 1.000000 0.000000 0.000000 0.000000 1.000000 
   18 0.000000 1.000000 0.000000 1.000000 0.000000 1.000000 0.000000 0.000000 0.000000 1.000000 1.000000 1.000000 0.000000 0.000000 1.000000 1.000000 1.000000 1.000000 1.000000 1.000000 1.000000 0.000000 0.000000 1.000000 1.000000 1.000000 0.000000 0.000000 0.000000 1.000000 0.000000 1.000000 0.000000 1.000000 0.000000 1.000000 0.000000 0.000000 1.000000 0.000000 0.000000 1.000000 0.000000 0.000000 0.000000 1.000000 0.000000 0.000000 0.000000 
   19 0.000000 0.000000 1.000000 0.000000 1.000000 0.000000 1.000000 0.000000 0.000000 0.000000 1.000000 1.000000 1.000000 0.000000 1.000000 1.000000 1.000000 1.000000 1.000000 1.000000 1.000000 0.000000 0.000000 0.000000 1.000000 1.000000 1.000000 0.000000 0.000000 0.000000 1.000000 0.000000 1.000000 0.000000 1.000000 0.000000 1.000000 0.000000 0.000000 1.000000 0.000000 0.000000 1.000000 0.000000 0.000000 0.000000 1.000000 0.000000 0.000000 
   20 0.000000 0.000000 0.000000 1.000000 0.000000 1.000000 0.000000 0.000000 0.000000 0.000000 0.000000 1.000000 1.000000 1.000000 1.000000 1.000000 1.000000 1.000000 1.000000 1.000000 1.000000 0.000000 0.000000 0.000000 0.000000 1.000000 1.000000 1.000000 0.000000 0.000000 0.000000 1.000000 0.000000 1.000000 0.000000 0.000000 0.000000 1.000000 0.000000 0.000000 1.000000 0.000000 0.000000 1.000000 0.000000 0.000000 0.000000 1.000000 0.000000 
   21 0.000000 0.000000 0.000000 0.000000 1.000000 0.000000 1.000000 0.000000 0.000000 0.000000 0.000000 0.000000 1.000000 1.000000 1.000000 1.000000 1.000000 1.000000 1.000000 1.000000 1.000000 0.000000 0.000000 0.000000 0.000000 0.000000 1.000000 1.000000 0.000000 0.000000 0.000000 0.000000 1.000000 0.000000 1.000000 0.000000 0.000000 0.000000 1.000000 0.000000 0.000000 1.000000 0.000000 0.000000 1.000000 0.000000 0.000000 0.000000 1.000000 
   22 1.000000 0.000000 0.000000 1.000000 0.000000 0.000000 0.000000 1.000000 0.000000 1.000000 0.000000 0.000000 0.000000 0.000000 1.000000 1.000000 0.000000 0.000000 0.000000 0.000000 0.000000 1.000000 1.000000 1.000000 1.000000 1.000000 1.000000 1.000000 1.000000 1.000000 0.000000 0.000000 0.000000 0.000000 0.000000 1.000000 0.000000 1.000000 0.000000 0.000000 0.000000 0.000000 1.000000 0.000000 0.000000 1.000000 0.000000 0.000000 0.000000 
   23 0.000000 1.000000 0.000000 0.000000 1.000000 0.000000 0.000000 0.000000 1.000000 0.000000 1.000000 0.000000 0.000000 0.000000 1.000000 1.000000 1.000000 0.000000 0.000000 0.000000 0.000000 1.000000 1.000000 1.000000 1.000000 1.000000 1.000000 1.000000 1.000000 1.000000 1.000000 0.000000 0.000000 0.000000 0.000000 0.000000 1.000000 0.000000 1.000000 0.000000 0.000000 0.000000 0.000000 1.000000 0.000000 0.000000 1.000000 0.000000 0.000000 
   24 0.000000 0.000000 1.000000 0.000000 0.000000 1.000000 0.000000 1.000000 0.000000 1.000000 0.000000 1.000000 0.000000 0.000000 0.000000 1.000000 1.000000 1.000000 0.000000 0.000000 0.000000 1.000000 1.000000 1.000000 1.000000 1.000000 1.000000 1.000000 0.000000 1.000000 1.000000 1.000000 0.000000 0.000000 0.000000 1.000000 0.000000 1.000000 0.000000 1.000000 0.000000 0.000000 0.000000 0.000000 1.000000 0.000000 0.000000 1.000000 0.000000 
   25 1.000000 0.000000 0.000000 1.000000 0.000000 0.000000 1.000000 0.000000 1.000000 0.000000 1.000000 0.000000 1.000000 0.000000 0.000000 0.000000 1.000000 1.000000 1.000000 0.000000 0.000000 1.000000 1.000000 1.000000 1.000000 1.000000 1.000000 1.000000 0.000000 0.000000 1.000000 1.000000 1.000000 0.000000 0.000000 0.000000 1.000000 0.000000 1.000000 0.000000 1.000000 0.000000 1.000000 0.000000 0.000000 1.000000 0.000000 0.000000 1.000000 
   26 0.000000 1.000000 0.000000 0.000000 1.000000 0.000000 0.000000 0.000000 0.000000 1.000000 0.000000 1.000000 0.000000 1.000000 0.000000 0.000000 0.000000 1.000000 1.000000 1.000000 0.000000 1.000000 1.000000 1.000000 1.000000 1.000000 1.000000 1.000000 0.000000 0.000000 0.000000 1.000000 1.000000 1.000000 0.000000 0.000000 0.000000 1.000000 0.000000 1.000000 0.000000 1.000000 0.000000 1.000000 0.000000 0.000000 1.000000 0.000000 0.000000 
   27 0.000000 0.000000 1.000000 0.000000 0.000000 1.000000 0.000000 0.000000 0.000000 0.000000 1.000000 0.000000 1.000000 0.000000 0.000000 0.000000 0.000000 0.000000 1.000000 1.000000 1.000000 1.000000 1.000000 1.000000 1.000000 1.000000 1.000000 1.000000 0.000000 0.000000 0.000000 0.000000 1.000000 1.000000 1.000000 0.000000 0.000000 0.000000 1.000000 0.000000 1.000000 0.000000 0.000000 0.000000 1.000000 0.000000 0.000000 1.000000 0.000000 
   28 0.000000 0.000000 0.000000 1.000000 0.000000 0.000000 1.000000 0.000000 0.000000 0.000000 0.000000 1.000000 0.000000 1.000000 0.000000 0.000000 0.000000 0.000000 0.000000 1.000000 1.000000 1.000000 1.000000 1.000000 1.000000 1.000000 1.000000 1.000000 0.000000 0.000000 0.000000 0.000000 0.000000 1.000000 1.000000 0.000000 0.000000 0.000000 0.000000 1.000000 0.000000 1.000000 0.000000 0.000000 0.000000 1.000000 0.000000 0.000000 1.000000 
   29 1.000000 0.000000 0.000000 0.000000 1.000000 0.000000 0.000000 1.000000 0.000000 0.000000 1.000000 0.000000 0.000000 0.000000 1.000000 0.000000 1.000000 0.000000 0.000000 0.000000 0.000000 1.000000 1.000000 0.000000 0.000000 0.000000 0.000000 0.000000 1.000000 1.000000 1.000000 1.000000 1.000000 1.000000 1.000000 1.000000 1.000000 0.000000 0.000000 0.000000 0.000000 0.000000 1.000000 0.000000 1.000000 0.000000 0.000000 0.000000 0.000000 
   30 0.000000 1.000000 0.000000 0.000000 0.000000 1.000000 0.000000 0.000000 1.000000 0.000000 0.000000 1.000000 0.000000 0.000000 0.000000 1.000000 0.000000 1.000000 0.000000 0.000000 0.000000 1.000000 1.000000 1.000000 0.000000 0.000000 0.000000 0.000000 1.000000 1.000000 1.000000 1.000000 1.000000 1.000000 1.000000 1.000000 1.000000 1.000000 0.000000 0.000000 0.000000 0.000000 0.000000 1.000000 0.000000 1.000000 0.000000 0.000000 0.000000 
   31 0.000000 0.000000 1.000000 0.000000 0.000000 0.000000 1.000000 0.000000 0.000000 1.000000 0.000000 0.000000 1.000000 0.000000 1.000000 0.000000 1.000000 0.000000 1.000000 0.000000 0.000000 0.000000 1.000000 1.000000 1.000000 0.000000 0.000000 0.000000 1.000000 1.000000 1.000000 1.000000 1.000000 1.000000 1.000000 0.000000 1.000000 1.000000 1.000000 0.000000 0.000000 0.000000 1.000000 0.000000 1.000000 0.000000 1.000000 0.000000 0.000000 
   32 0.000000 0.000000 0.000000 1.000000 0.000000 0.000000 0.000000 1.000000 0.000000 0.000000 1.000000 0.000000 0.000000 1.000000 0.000000 1.000000 0.000000 1.000000 0.000000 1.000000 0.000000 0.000000 0.000000 1.000000 1.000000 1.000000 0.000000 0.000000 1.000000 1.000000 1.000000 1.000000 1.000000 1.000000 1.000000 0.000000 0.000000 1.000000 1.000000 1.000000 0.000000 0.000000 0.000000 1.000000 0.000000 1.000000 0.000000 1.000000 0.000000 
   33 1.000000 0.000000 0.000000 0.000000 1.000000 0.000000 0.000000 0.000000 1.000000 0.000000 0.000000 1.000000 0.000000 0.000000 0.000000 0.000000 1.000000 0.000000 1.000000 0.000000 1.000000 0.000000 0.000000 0.000000 1.000000 1.000000 1.000000 0.000000 1.000000 1.000000 1.000000 1.000000 1.000000 1.000000 1.000000 0.000000 0.000000 0.000000 1.000000 1.000000 1.000000 0.000000 0.000000 0.000000 1.000000 0.000000 1.000000 0.000000 1.000000 
   34 0.000000 1.000000 0.000000 0.000000 0.000000 1.000000 0.000000 0.000000 0.000000 1.000000 0.000000 0.000000 1.000000 0.000000 0.000000 0.000000 0.000000 1.000000 0.000000 1.000000 0.000000 0.000000 0.000000 0.000000 0.000000 1.000000 1.000000 1.000000 1.000000 1.000000 1.000000 1.000000 1.000000 1.000000 1.000000 0.000000 0.000000 0.000000 0.000000 1.000000 1.000000 1.000000 0.000000 0.000000 0.000000 1.000000 0.000000 1.000000 0.000000 
   35 0.000000 0.000000 1.000000 0.000000 0.000000 0.000000 1.000000 0.000000 0.000000 0.000000 1.000000 0.000000 0.000000 1.000000 0.000000 0.000000 0.000000 0.000000 1.000000 0.000000 1.000000 0.000000 0.000000 0.000000 0.000000 0.000000 1.000000 1.000000 1.000000 1.000000 1.000000 1.000000 1.000000 1.000000 1.000000 0.000000 0.000000 0.000000 0.000000 0.000000 1.000000 1.000000 0.000000 0.000000 0.000000 0.000000 1.000000 0.000000 1.000000 
   36 1.000000 0.000000 0.000000 0.000000 0.000000 1.000000 0.000000 1.000000 0.000000 0.000000 0.000000 1.000000 0.000000 0.000000 1.000000 0.000000 0.000000 1.000000 0.000000 0.000000 0.000000 1.000000 0.000000 1.000000 0.000000 0.000000 0.000000 0.000000 1.000000 1.000000 0.000000 0.000000 0.000000 0.000000 0.000000 1.000000 1.000000 1.000000 1.000000 1.000000 1.000000 1.000000 1.000000 1.000000 0.000000 0.000000 0.000000 0.000000 0.000000 
   37 0.000000 1.000000 0.000000 0.000000 0.000000 0.000000 1.000000 0.000000 1.000000 0.000000 0.000000 0.000000 1.000000 0.000000 0.000000 1.000000 0.000000 0.000000 1.000000 0.000000 0.000000 0.000000 1.000000 0.000000 1.000000 0.000000 0.000000 0.000000 1.000000 1.000000 1.000000 0.000000 0.000000 0.000000 0.000000 1.000000 1.000000 1.000000 1.000000 1.000000 1.000000 1.000000 1.000000 1.000000 1.000000 0.000000 0.000000 0.000000 0.000000 
   38 0.000000 0.000000 1.000000 0.000000 0.000000 0.000000 0.000000 0.000000 0.000000 1.000000 0.000000 0.000000 0.000000 1.000000 0.000000 0.000000 1.000000 0.000000 0.000000 1.000000 0.000000 1.000000 0.000000 1.000000 0.000000 1.000000 0.000000 0.000000 0.000000 1.000000 1.000000 1.000000 0.000000 0.000000 0.000000 1.000000 1.000000 1.000000 1.000000 1.000000 1.000000 1.000000 0.000000 1.000000 1.000000 1.000000 0.000000 0.000000 0.000000 
   39 0.000000 0.000000 0.000000 1.000000 0.000000 0.000000 0.000000 0.000000 0.000000 0.000000 1.000000 0.000000 0.000000 0.000000 1.000000 0.000000 0.000000 1.000000 0.000000 0.000000 1.000000 0.000000 1.000000 0.000000 1.000000 0.000000 1.000000 0.000000 0.000000 0.000000 1.000000 1.000000 1.000000 0.000000 0.000000 1.000000 1.000000 1.000000 1.000000 1.000000 1.000000 1.000000 0.000000 0.000000 1.000000 1.000000 1.000000 0.000000 0.000000 
   40 0.000000 0.000000 0.000000 0.000000 1.000000 0.000000 0.000000 1.000000 0.000000 0.000000 0.000000 1.000000 0.000000 0.000000 0.000000 1.000000 0.000000 0.000000 1.000000 0.000000 0.000000 0.000000 0.000000 1.000000 0.000000 1.000000 0.000000 1.000000 0.000000 0.000000 0.000000 1.000000 1.000000 1.000000 0.000000 1.000000 1.000000 1.000000 1.000000 1.000000 1.000000 1.000000 0.000000 0.000000 0.000000 1.000000 1.000000 1.000000 0.000000 
   41 1.000000 0.000000 0.000000 0.000000 0.000000 1.000000 0.000000 0.000000 1.000000 0.000000 0.000000 0.000000 1.000000 0.000000 0.000000 0.000000 1.000000 0.000000 0.000000 1.000000 0.000000 0.000000 0.000000 0.000000 1.000000 0.000000 1.000000 0.000000 0.000000 0.000000 0.000000 0.000000 1.000000 1.000000 1.000000 1.000000 1.000000 1.000000 1.000000 1.000000 1.000000 1.000000 0.000000 0.000000 0.000000 0.000000 1.000000 1.000000 1.000000 
   42 0.000000 1.000000 0.000000 0.000000 0.000000 0.000000 1.000000 0.000000 0.000000 1.000000 0.000000 0.000000 0.000000 1.000000 0.000000 0.000000 0.000000 1.000000 0.000000 0.000000 1.000000 0.000000 0.000000 0.000000 0.000000 1.000000 0.000000 1.000000 0.000000 0.000000 0.000000 0.000000 0.000000 1.000000 1.000000 1.000000 1.000000 1.000000 1.000000 1.000000 1.000000 1.000000 0.000000 0.000000 0.000000 0.000000 0.000000 1.000000 1.000000 
   43 1.000000 0.000000 0.000000 0.000000 0.000000 0.000000 1.000000 1.000000 0.000000 0.000000 0.000000 0.000000 1.000000 0.000000 1.000000 0.000000 0.000000 0.000000 1.000000 0.000000 0.000000 1.000000 0.000000 0.000000 1.000000 0.000000 0.000000 0.000000 1.000000 0.000000 1.000000 0.000000 0.000000 0.000000 0.000000 1.000000 1.000000 0.000000 0.000000 0.000000 0.000000 0.000000 1.000000 1.000000 1.000000 1.000000 1.000000 1.000000 1.000000 
   44 0.000000 1.000000 0.000000 0.000000 0.000000 0.000000 0.000000 0.000000 1.000000 0.000000 0.000000 0.000000 0.000000 1.000000 0.000000 1.000000 0.000000 0.000000 0.000000 1.000000 0.000000 0.000000 1.000000 0.000000 0.000000 1.000000 0.000000 0.000000 0.000000 1.000000 0.000000 1.000000 0.000000 0.000000 0.000000 1.000000 1.000000 1.000000 0.000000 0.000000 0.000000 0.000000 1.000000 1.000000 1.000000 1.000000 1.000000 1.000000 1.000000 
   45 0.000000 0.000000 1.000000 0.000000 0.000000 0.000000 0.000000 0.000000 0.000000 1.000000 0.000000 0.000000 0.000000 0.000000 0.000000 0.000000 1.000000 0.000000 0.000000 0.000000 1.000000 0.000000 0.000000 1.000000 0.000000 0.000000 1.000000 0.000000 1.000000 0.000000 1.000000 0.000000 1.000000 0.000000 0.000000 0.000000 1.000000 1.000000 1.000000 0.000000 0.000000 0.000000 1.000000 1.000000 1.000000 1.000000 1.000000 1.000000 1.000000 
   46 0.000000 0.000000 0.000000 1.000000 0.000000 0.000000 0.000000 0.000000 0.000000 0.000000 1.000000 0.000000 0.000000 0.000000 0.000000 0.000000 0.000000 1.000000 0.000000 0.000000 0.000000 1.000000 0.000000 0.000000 1.000000 0.000000 0.000000 1.000000 0.000000 1.000000 0.000000 1.000000 0.000000 1.000000 0.000000 0.000000 0.000000 1.000000 1.000000 1.000000 0.000000 0.000000 1.000000 1.000000 1.000000 1.000000 1.000000 1.000000 1.000000 
   47 0.000000 0.000000 0.000000 0.000000 1.000000 0.000000 0.000000 0.000000 0.000000 0.000000 0.000000 1.000000 0.000000 0.000000 1.000000 0.000000 0.000000 0.000000 1.000000 0.000000 0.000000 0.000000 1.000000 0.000000 0.000000 1.000000 0.000000 0.000000 0.000000 0.000000 1.000000 0.000000 1.000000 0.000000 1.000000 0.000000 0.000000 0.000000 1.000000 1.000000 1.000000 0.000000 1.000000 1.000000 1.000000 1.000000 1.000000 1.000000 1.000000 
   48 0.000000 0.000000 0.000000 0.000000 0.000000 1.000000 0.000000 1.000000 0.000000 0.000000 0.000000 0.000000 1.000000 0.000000 0.000000 1.000000 0.000000 0.000000 0.000000 1.000000 0.000000 0.000000 0.000000 1.000000 0.000000 0.000000 1.000000 0.000000 0.000000 0.000000 0.000000 1.000000 0.000000 1.000000 0.000000 0.000000 0.000000 0.000000 0.000000 1.000000 1.000000 1.000000 1.000000 1.000000 1.000000 1.000000 1.000000 1.000000 1.000000 
   49 1.000000 0.000000 0.000000 0.000000 0.000000 0.000000 1.000000 0.000000 1.000000 0.000000 0.000000 0.000000 0.000000 1.000000 0.000000 0.000000 1.000000 0.000000 0.000000 0.000000 1.000000 0.000000 0.000000 0.000000 1.000000 0.000000 0.000000 1.000000 0.000000 0.000000 0.000000 0.000000 1.000000 0.000000 1.000000 0.000000 0.000000 0.000000 0.000000 0.000000 1.000000 1.000000 1.000000 1.000000 1.000000 1.000000 1.000000 1.000000 1.000000 ;

param Q1 : 1  2  3  4  5  6  7  8  9  10  11  12  13  14  15  16  17  18  19  20  21  22  23  24  25  26  27  28  29  30  31  32  33  34  35  36  37  38  39  40  41  42  43  44  45  46  47  48  49 :=
   1 4.663850 3.461637 3.129701 3.526663 3.750220 4.057702 3.317167 3.673363 3.353866 3.624423 3.608852 3.529272 3.515922 3.441725 3.648698 3.698871 3.380837 3.457225 3.439736 3.038362 3.589124 3.266423 3.448533 3.472868 3.782763 3.135034 3.835234 3.749071 3.531061 3.507480 3.402741 3.197848 3.232600 3.827705 3.950717 4.001630 4.457916 3.495463 3.843084 3.841722 3.672409 3.551391 2.862190 3.350556 2.941987 3.362828 3.825853 3.972269 3.016450 
   2 3.461637 4.904376 3.547094 3.564949 4.134895 4.316340 3.572243 3.776207 3.468119 3.677630 3.842517 3.742806 3.755855 3.717278 3.650500 3.672587 3.816465 3.560638 3.719373 3.297512 3.732539 4.021139 3.612108 3.833550 4.043765 3.536009 4.004787 3.927785 3.669215 3.222048 3.860136 3.855181 3.890157 3.944439 3.931288 4.145323 4.312377 3.810994 3.508606 3.986760 3.478432 3.627854 3.168797 3.609951 3.216190 3.375434 4.701617 3.941715 2.786677 
   3 3.129701 3.547094 4.847873 3.200199 3.828563 4.143358 3.031666 3.025829 3.039563 3.963541 3.610371 3.647243 3.061953 3.478518 3.283838 3.627268 3.328005 3.409965 3.192314 3.233561 3.194798 3.453376 3.321378 3.616428 3.911147 3.444029 3.500271 3.394166 3.826233 3.190738 3.547193 3.527530 3.062071 3.611874 3.318354 3.705790 4.142872 3.891794 3.750299 4.067480 3.385426 3.429988 2.638110 3.088829 2.798418 3.631528 3.948567 3.568420 2.762107 
   4 3.526663 3.564949 3.200199 4.917753 3.923585 4.334082 3.753147 3.790139 3.455961 3.998533 3.843651 3.420548 3.334278 3.695887 3.686864 3.777804 3.726517 3.232946 3.540872 3.440635 3.482686 3.760550 3.573540 3.589486 4.230182 3.500859 4.165274 4.100379 3.501604 3.531608 3.861503 3.661511 3.252983 3.904327 3.730416 3.815105 4.404693 3.866964 3.861372 3.794855 3.391723 3.735685 3.332949 3.481496 3.286179 3.596446 4.237194 3.738391 3.321855 
   5 3.750220 4.134895 3.828563 3.923585 5.673199 4.759645 3.854542 4.163721 3.775380 4.407045 3.919329 4.062307 3.991702 4.152421 3.893387 4.048113 3.930985 4.096218 4.207377 3.701159 4.158241 3.929137 3.744471 3.628136 4.236467 3.807288 4.195273 4.055806 3.955211 3.680971 3.993550 4.074843 3.732746 4.454267 4.465364 4.297990 4.482367 4.053026 3.840511 4.125560 4.130784 3.872813 3.629130 3.746698 3.717811 3.999089 4.625537 4.775786 3.402294 
   6 4.057702 4.316340 4.143358 4.334082 4.759645 5.876747 4.479539 4.323218 4.062803 4.417712 4.375502 4.125326 4.071663 4.135932 4.388490 4.260706 4.460769 4.067503 4.506436 4.102442 4.374094 4.553308 4.262086 4.030730 4.588677 4.319807 4.772492 4.476514 4.208677 3.995320 4.362955 4.253406 4.047037 4.783546 4.375678 4.518203 5.117616 4.580609 4.559728 4.596589 4.194494 4.160708 3.846297 4.142088 3.667625 4.219776 5.059491 4.710450 3.531196 
   7 3.317167 3.572243 3.031666 3.753147 3.854542 4.479539 4.716933 3.825723 3.481374 3.459208 3.771624 3.539963 3.532224 3.508130 3.638705 3.601806 3.370326 3.159528 3.549423 3.309512 3.603643 4.006711 3.636879 3.425056 3.886327 3.557319 3.827463 3.624715 3.524409 3.230084 3.693824 3.911762 3.479162 4.130054 3.711698 3.934371 4.174528 3.747556 3.768591 3.537961 3.626072 3.670740 3.374465 3.314569 3.327623 3.501779 4.409161 3.831118 2.984821 
   8 3.673363 3.776207 3.025829 3.790139 4.163721 4.323218 3.825723 5.104394 3.859032 3.680162 3.666315 3.637908 3.834912 3.490955 3.866809 4.075330 4.040289 3.485074 3.875816 3.054662 3.945821 3.999083 3.713687 3.658166 4.191878 3.603156 4.016001 3.800803 3.686706 3.595990 3.494855 3.795247 4.003771 3.998660 4.125104 4.318622 4.542018 3.766291 3.695849 3.622942 4.144619 3.800564 3.238986 3.977795 3.343655 3.251832 4.062236 4.226423 3.191342 
   9 3.353866 3.468119 3.039563 3.455961 3.775380 4.062803 3.481374 3.859032 4.545982 3.473759 3.291581 3.305399 3.586610 3.280784 3.651839 3.905316 3.501706 3.043217 3.459709 3.160218 3.555686 3.438217 3.422564 3.122060 3.846691 3.677594 3.578233 3.885983 3.628581 3.421524 3.795981 3.715336 3.602839 3.984723 3.868588 3.784970 3.834517 3.449347 3.685052 3.756061 3.804136 3.354415 2.987614 3.593973 2.913157 3.402642 4.097450 3.872550 2.849997 
   10 3.624423 3.677630 3.963541 3.998533 4.407045 4.417712 3.459208 3.680162 3.473759 5.236452 3.924742 3.627010 3.707424 3.510707 3.911034 3.720899 3.625871 3.423856 3.504692 3.563302 3.535154 3.736716 3.850727 3.831172 4.249440 3.430731 3.867104 4.011369 4.181111 3.711687 3.978273 4.036733 3.125067 3.996274 4.132423 3.612393 4.535484 3.827956 4.061569 4.039896 3.431960 3.593741 3.164144 3.464533 3.346530 3.759443 4.358373 4.030161 3.341708 
   11 3.608852 3.842517 3.610371 3.843651 3.919329 4.375502 3.771624 3.666315 3.291581 3.924742 5.222674 3.606309 3.292030 3.492776 3.930279 3.732688 3.771903 3.366596 3.767224 3.651771 3.594138 3.728898 3.735090 3.673395 4.336868 3.649462 4.161586 3.913173 4.127076 3.094034 3.924275 3.854156 3.803145 3.953772 3.823948 4.177437 4.415879 3.977622 3.951602 3.783244 3.980712 3.683279 2.958921 3.534049 3.292863 3.902974 4.414007 3.988849 3.037265 
   12 3.529272 3.742806 3.647243 3.420548 4.062307 4.125326 3.539963 3.637908 3.305399 3.627010 3.606309 4.728613 3.620169 3.605604 3.516028 3.797135 3.619852 3.759624 3.677619 3.134122 3.457712 3.926312 3.649721 3.574711 4.228944 3.481504 3.782363 4.013136 3.820176 3.232603 3.613958 3.853098 3.687007 4.108532 4.151845 4.140606 4.304569 4.002688 3.948918 4.175742 3.971121 3.842809 3.166983 3.615606 3.250189 3.674388 4.259534 4.213191 2.909575 
   13 3.515922 3.755855 3.061953 3.334278 3.991702 4.071663 3.532224 3.834912 3.586610 3.707424 3.292030 3.620169 4.572023 3.714133 3.645011 3.748846 3.458311 3.473101 3.490441 2.848976 3.504070 3.551298 3.481909 3.415740 3.813237 3.544754 3.663631 3.816337 3.848977 3.242259 3.598887 3.522327 3.558230 3.922337 3.974128 3.766027 4.029569 3.480162 3.749693 3.740839 3.883157 3.611980 3.352856 3.458538 3.404843 3.324390 4.295946 4.129478 2.685179 
   14 3.441725 3.717278 3.478518 3.695887 4.152421 4.135932 3.508130 3.490955 3.280784 3.510707 3.492776 3.605604 3.714133 4.680315 3.412520 3.672850 3.498487 3.593638 3.694605 3.028562 3.391675 3.646622 3.379871 3.207570 3.758469 3.590932 4.118345 4.098999 3.626275 2.952948 3.701469 3.353188 3.527773 3.800415 3.517221 3.703587 3.981055 3.784236 3.619789 3.964967 3.611971 3.348533 3.303462 3.361627 3.142990 3.517320 4.181610 4.047491 2.789927 
   15 3.648698 3.650500 3.283838 3.686864 3.893387 4.388490 3.638705 3.866809 3.651839 3.911034 3.930279 3.516028 3.645011 3.412520 4.733844 4.028294 3.929663 3.389267 3.659145 3.517316 3.490023 3.824334 3.943993 3.640415 3.775628 3.643441 3.934630 3.780562 3.891523 3.110187 3.590242 4.174875 3.961823 4.255474 4.107952 4.054019 4.517507 3.804963 3.820606 3.851459 3.926462 3.457157 3.097307 3.774661 3.415487 3.483817 4.396556 4.098172 3.197949 
   16 3.698871 3.672587 3.627268 3.777804 4.048113 4.260706 3.601806 4.075330 3.905316 3.720899 3.732688 3.797135 3.748846 3.672850 4.028294 5.464072 3.684997 3.980186 3.741239 3.199245 3.795353 4.014122 3.746661 3.538605 4.645084 3.907328 4.128596 4.311954 4.022365 3.633116 3.926597 4.096899 3.915861 4.712059 4.207920 4.461414 4.697653 3.630224 4.091794 4.082049 4.279046 3.827891 3.261326 3.765882 3.409250 3.644664 4.080003 4.057766 3.296273 
   17 3.380837 3.816465 3.328005 3.726517 3.930985 4.460769 3.370326 4.040289 3.501706 3.625871 3.771903 3.619852 3.458311 3.498487 3.929663 3.684997 4.658308 3.653091 4.017727 3.000100 3.561633 3.996606 3.862209 3.698094 3.883601 3.627174 3.982983 4.013441 3.665766 3.249481 3.303235 3.646720 3.822904 3.838929 3.863626 4.132953 4.375981 4.068718 3.641656 4.011720 3.837502 3.754607 2.890093 4.066910 3.154395 3.493829 4.101754 3.965468 2.866659 
   18 3.457225 3.560638 3.409965 3.232946 4.096218 4.067503 3.159528 3.485074 3.043217 3.423856 3.366596 3.759624 3.473101 3.593638 3.389267 3.980186 3.653091 4.542527 3.785220 2.654169 3.631696 3.741924 3.432538 3.386584 4.134964 3.721709 3.834261 3.767197 3.771209 3.233322 3.316460 3.411561 3.416993 4.216765 3.960325 3.981761 4.464049 3.592151 3.425182 4.028493 3.884871 3.802962 2.931165 3.458850 3.046455 3.396418 4.032457 3.861181 2.649532 
   19 3.439736 3.719373 3.192314 3.540872 4.207377 4.506436 3.549423 3.875816 3.459709 3.504692 3.767224 3.677619 3.490441 3.694605 3.659145 3.741239 4.017727 3.785220 4.846341 3.242142 3.668473 3.918956 3.774711 3.639122 4.123990 3.651756 4.077547 3.972591 3.757243 3.357790 3.900763 3.898569 3.783981 3.895376 3.870066 3.786323 4.148871 3.872864 3.753813 3.565207 3.890857 3.817185 2.981370 3.906447 3.341802 3.526127 4.195936 4.035170 2.744135 
   20 3.038362 3.297512 3.233561 3.440635 3.701159 4.102442 3.309512 3.054662 3.160218 3.563302 3.651771 3.134122 2.848976 3.028562 3.517316 3.199245 3.000100 2.654169 3.242142 4.116603 3.121192 3.255302 3.366734 3.181364 3.551474 3.433902 3.266757 3.169109 3.153521 2.965125 3.668252 3.679350 3.183299 3.713275 3.450962 3.441232 3.646220 3.558957 3.386567 3.307598 3.269768 3.086263 2.985051 2.765099 2.927945 3.188680 4.044772 3.690271 2.821986 
   21 3.589124 3.732539 3.194798 3.482686 4.158241 4.374094 3.603643 3.945821 3.555686 3.535154 3.594138 3.457712 3.504070 3.391675 3.490023 3.795353 3.561633 3.631696 3.668473 3.121192 4.645434 3.738432 3.189579 3.602165 3.918687 3.512890 4.045702 3.633332 3.416580 3.250503 3.488973 3.379706 3.509037 4.060637 3.949864 3.710112 4.270061 3.449573 3.464152 3.993929 3.774845 3.676694 3.148407 3.365188 3.147055 3.472142 4.122336 3.784246 2.922726 
   22 3.266423 4.021139 3.453376 3.760550 3.929137 4.553308 4.006711 3.999083 3.438217 3.736716 3.728898 3.926312 3.551298 3.646622 3.824334 4.014122 3.996606 3.741924 3.918956 3.255302 3.738432 5.488508 4.054875 3.709049 4.215471 3.484910 4.022261 3.922988 3.799876 3.135940 3.855451 4.117649 4.073124 4.174045 3.877844 4.212706 4.581509 3.938512 3.716302 4.036700 3.976319 3.824120 3.611290 3.756486 3.257550 3.790501 4.453544 4.080066 2.730077 
   23 3.448533 3.612108 3.321378 3.573540 3.744471 4.262086 3.636879 3.713687 3.422564 3.850727 3.735090 3.649721 3.481909 3.379871 3.943993 3.746661 3.862209 3.432538 3.774711 3.366734 3.189579 4.054875 5.019706 3.585709 4.153024 3.632154 3.870481 3.669732 3.781967 3.177951 3.762833 4.100206 3.724897 4.244556 3.869292 4.136998 4.299778 4.047234 3.847217 3.710538 3.708947 3.693183 3.114337 3.812372 3.327441 3.336740 4.179918 3.959299 2.986610 
   24 3.472868 3.833550 3.616428 3.589486 3.628136 4.030730 3.425056 3.658166 3.122060 3.831172 3.673395 3.574711 3.415740 3.207570 3.640415 3.538605 3.698094 3.386584 3.639122 3.181364 3.602165 3.709049 3.585709 4.465370 3.995938 3.456420 3.809420 3.523638 3.807996 3.261951 3.534557 3.567083 3.389952 3.652842 3.738703 3.728482 4.379556 3.791792 3.634174 3.944402 3.451633 3.733994 2.764515 3.582452 3.356771 3.385893 4.406864 3.510223 2.960505 
   25 3.782763 4.043765 3.911147 4.230182 4.236467 4.588677 3.886327 4.191878 3.846691 4.249440 4.336868 4.228944 3.813237 3.758469 3.775628 4.645084 3.883601 4.134964 4.123990 3.551474 3.918687 4.215471 4.153024 3.995938 5.748491 4.042292 4.323147 4.538144 4.335381 3.918900 4.376282 4.241208 4.012364 4.685503 4.593238 4.384031 4.799464 4.310326 4.449467 4.347240 4.529101 4.490710 3.280581 3.824584 3.833005 4.010274 4.533568 4.347565 3.379992 
   26 3.135034 3.536009 3.444029 3.500859 3.807288 4.319807 3.557319 3.603156 3.677594 3.430731 3.649462 3.481504 3.544754 3.590932 3.643441 3.907328 3.627174 3.721709 3.651756 3.433902 3.512890 3.484910 3.632154 3.456420 4.042292 4.676568 3.737443 3.818243 3.722544 3.435253 3.561407 3.754478 3.725744 4.251852 3.844022 3.843304 4.320560 3.672971 3.739283 3.976719 3.952500 3.580527 3.018392 3.479382 3.062257 3.169230 4.268293 3.777200 2.831700 
   27 3.835234 4.004787 3.500271 4.165274 4.195273 4.772492 3.827463 4.016001 3.578233 3.867104 4.161586 3.782363 3.663631 4.118345 3.934630 4.128596 3.982983 3.834261 4.077547 3.266757 4.045702 4.022261 3.870481 3.809420 4.323147 3.737443 5.102812 4.470840 4.008421 3.355681 4.100956 3.722855 3.700210 4.261784 3.757945 4.089604 4.912374 3.975875 3.981493 4.140317 3.710594 3.652071 3.438245 3.897235 3.510624 3.754029 4.438541 4.178436 3.292429 
   28 3.749071 3.927785 3.394166 4.100379 4.055806 4.476514 3.624715 3.800803 3.885983 4.011369 3.913173 4.013136 3.816337 4.098999 3.780562 4.311954 4.013441 3.767197 3.972591 3.169109 3.633332 3.922988 3.669732 3.523638 4.538144 3.818243 4.470840 5.315593 4.187045 3.540605 3.972681 3.754622 3.521487 4.386080 3.967601 3.984526 4.580805 3.829319 4.245339 4.235284 3.899356 3.674565 3.257170 4.001595 3.304421 3.697141 4.322676 4.134021 2.935989 
   29 3.531061 3.669215 3.826233 3.501604 3.955211 4.208677 3.524409 3.686706 3.628581 4.181111 4.127076 3.820176 3.848977 3.626275 3.891523 4.022365 3.665766 3.771209 3.757243 3.153521 3.416580 3.799876 3.781967 3.807996 4.335381 3.722544 4.008421 4.187045 5.472285 3.620326 3.755921 4.047078 3.549381 3.970856 3.986613 3.747932 4.641968 3.982976 4.028568 3.992440 3.947778 3.953446 3.146997 3.929326 3.521463 3.757169 4.378189 3.887541 2.845829 
   30 3.507480 3.222048 3.190738 3.531608 3.680971 3.995320 3.230084 3.595990 3.421524 3.711687 3.094034 3.232603 3.242259 2.952948 3.110187 3.633116 3.249481 3.233322 3.357790 2.965125 3.250503 3.135940 3.177951 3.261951 3.918900 3.435253 3.355681 3.540605 3.620326 4.479970 3.344645 3.333670 3.109407 3.844844 3.715836 3.482524 4.192106 3.171519 3.874970 3.512245 3.478627 3.394056 2.693355 3.294040 2.681070 3.092319 3.799175 3.261204 3.005264 
   31 3.402741 3.860136 3.547193 3.861503 3.993550 4.362955 3.693824 3.494855 3.795981 3.978273 3.924275 3.613958 3.598887 3.701469 3.590242 3.926597 3.303235 3.316460 3.900763 3.668252 3.488973 3.855451 3.762833 3.534557 4.376282 3.561407 4.100956 3.972681 3.755921 3.344645 4.985580 3.897023 3.627068 4.190647 3.778504 3.858733 4.208496 3.946411 4.191610 3.869609 3.569162 3.724912 3.282674 3.400608 3.463550 3.666630 4.555755 4.052374 3.218196 
   32 3.197848 3.855181 3.527530 3.661511 4.074843 4.253406 3.911762 3.795247 3.715336 4.036733 3.854156 3.853098 3.522327 3.353188 4.174875 4.096899 3.646720 3.411561 3.898569 3.679350 3.379706 4.117649 4.100206 3.567083 4.241208 3.754478 3.722855 3.754622 4.047078 3.333670 3.897023 5.244050 3.719212 4.338230 3.979193 3.844624 4.278440 3.966483 3.575364 3.527025 4.118984 3.957168 3.210622 3.574008 3.374024 3.531381 4.283338 4.103068 3.101959 
   33 3.232600 3.890157 3.062071 3.252983 3.732746 4.047037 3.479162 4.003771 3.602839 3.125067 3.803145 3.687007 3.558230 3.527773 3.961823 3.915861 3.822904 3.416993 3.783981 3.183299 3.509037 4.073124 3.724897 3.389952 4.012364 3.725744 3.700210 3.521487 3.549381 3.109407 3.627068 3.719212 4.965608 4.102884 4.133524 4.031839 4.128472 3.667218 3.838451 3.845276 4.131069 3.465356 2.999745 3.795272 3.307194 3.289264 4.187450 3.923358 2.829979 
   34 3.827705 3.944439 3.611874 3.904327 4.454267 4.783546 4.130054 3.998660 3.984723 3.996274 3.953772 4.108532 3.922337 3.800415 4.255474 4.712059 3.838929 4.216765 3.895376 3.713275 4.060637 4.174045 4.244556 3.652842 4.685503 4.251852 4.261784 4.386080 3.970856 3.844844 4.190647 4.338230 4.102884 5.635192 4.390038 4.440465 5.016643 3.880020 4.286162 4.307415 4.457074 3.857206 3.449663 3.930745 3.536924 3.783491 4.619105 4.609540 3.295026 
   35 3.950717 3.931288 3.318354 3.730416 4.465364 4.375678 3.711698 4.125104 3.868588 4.132423 3.823948 4.151845 3.974128 3.517221 4.107952 4.207920 3.863626 3.960325 3.870066 3.450962 3.949864 3.877844 3.869292 3.738703 4.593238 3.844022 3.757945 3.967601 3.986613 3.715836 3.778504 3.979193 4.133524 4.390038 5.596985 4.354698 4.612106 3.982289 4.130238 4.364047 4.436547 4.073170 3.226970 3.837702 3.673449 3.735265 4.539564 4.342828 3.522122 
   36 4.001630 4.145323 3.705790 3.815105 4.297990 4.518203 3.934371 4.318622 3.784970 3.612393 4.177437 4.140606 3.766027 3.703587 4.054019 4.461414 4.132953 3.981761 3.786323 3.441232 3.710112 4.212706 4.136998 3.728482 4.384031 3.843304 4.089604 3.984526 3.747932 3.482524 3.858733 3.844624 4.031839 4.440465 4.354698 5.687667 4.894069 4.365030 4.049530 4.383728 4.169941 3.865960 3.255115 3.843020 3.324727 3.739550 4.661537 4.540859 3.174830 
   37 4.457916 4.312377 4.142872 4.404693 4.482367 5.117616 4.174528 4.542018 3.834517 4.535484 4.415879 4.304569 4.029569 3.981055 4.517507 4.697653 4.375981 4.464049 4.148871 3.646220 4.270061 4.581509 4.299778 4.379556 4.799464 4.320560 4.912374 4.580805 4.641968 4.192106 4.208496 4.278440 4.128472 5.016643 4.612106 4.894069 6.177999 4.410752 4.615256 4.673076 4.301536 4.255962 3.526458 4.185423 3.761107 3.831204 4.769775 4.479939 3.673705 
   38 3.495463 3.810994 3.891794 3.866964 4.053026 4.580609 3.747556 3.766291 3.449347 3.827956 3.977622 4.002688 3.480162 3.784236 3.804963 3.630224 4.068718 3.592151 3.872864 3.558957 3.449573 3.938512 4.047234 3.791792 4.310326 3.672971 3.975875 3.829319 3.982976 3.171519 3.946411 3.966483 3.667218 3.880020 3.982289 4.365030 4.410752 5.009389 4.119905 4.205930 3.959487 4.150340 3.337225 3.557621 3.322080 3.883146 4.578379 4.206955 3.340088 
   39 3.843084 3.508606 3.750299 3.861372 3.840511 4.559728 3.768591 3.695849 3.685052 4.061569 3.951602 3.948918 3.749693 3.619789 3.820606 4.091794 3.641656 3.425182 3.753813 3.386567 3.464152 3.716302 3.847217 3.634174 4.449467 3.739283 3.981493 4.245339 4.028568 3.874970 4.191610 3.575364 3.838451 4.286162 4.130238 4.049530 4.615256 4.119905 5.063223 4.154302 3.939790 3.710636 3.179108 3.597927 3.400247 3.742726 4.497028 3.859017 3.281583 
