Obj value returned by the solver: 897.8860971686504
Obj value computed with solution variables: [897.88609718]
Average LSE = 0.2244715242921626SolTime: 0.8349609375
Q matrix recovered: [[ 1.53279613 -0.20706851 -0.50104154  0.70780468 -0.47911854  0.4190375
   0.53753154 -1.28304045  0.67623073  0.286576   -0.39823997 -0.77829543
   0.4840645  -0.44152615  0.59681075]
 [-0.20706851  1.80002404  0.16440624 -0.47301236 -0.05129199  0.89613157
   0.54977148  0.23134085 -0.86922465  0.06059476 -0.59488682 -1.01935931
  -0.87740548  0.07627117  0.56484844]
 [-0.50104154  0.16440624  2.8969108   0.08893906  0.09835521 -0.57767925
   0.76518367  0.38751159  0.34117192  0.76201196  0.3128061  -0.54056349
  -1.50463827  0.3537747   0.45462484]
 [ 0.70780468 -0.47301236  0.08893906  2.47094068 -0.27117326 -0.70217843
   0.14230646 -0.4241769   0.36176805  0.03977194  0.7563015  -0.36221545
  -0.17192492  0.9065779  -1.00648942]
 [-0.47911854 -0.05129199  0.09835521 -0.27117326  1.84565266  0.0284393
  -0.3669305  -0.12445998  0.35519923 -0.07243011  0.73438286 -0.05992811
  -0.5901873   0.47071487 -0.39357884]
 [ 0.4190375   0.89613157 -0.57767925 -0.70217843  0.0284393   1.90812754
  -0.19784166 -0.44036019 -0.54528951  0.51358797 -1.06352854 -1.21614893
  -0.13348578 -0.88660663 -0.44657802]
 [ 0.53753154  0.54977148  0.76518367  0.14230646 -0.3669305  -0.19784166
   2.79402264  1.26943192  0.89692169  0.18629973 -1.22766829 -0.54691825
  -1.37287948 -0.29716194  1.14047825]
 [-1.28304045  0.23134085  0.38751159 -0.4241769  -0.12445998 -0.44036019
   1.26943192  3.0786649   0.0230761  -0.58159062 -0.96282422  0.15228364
  -1.05105226  0.23169958 -1.24628527]
 [ 0.67623073 -0.86922465  0.34117192  0.36176805  0.35519923 -0.54528951
   0.89692169  0.0230761   1.35405697 -0.04585746 -0.0796514  -0.28845548
  -0.06378596  0.00759471  0.12732879]
 [ 0.286576    0.06059476  0.76201196  0.03977194 -0.07243011  0.51358797
   0.18629973 -0.58159062 -0.04585746  1.41934336 -0.14295896 -0.9836672
   0.19994381  0.36036716  0.36025273]
 [-0.39823997 -0.59488682  0.3128061   0.7563015   0.73438286 -1.06352854
  -1.22766829 -0.96282422 -0.0796514  -0.14295896  1.71927402  0.90139292
   0.25787821  0.91492284  0.02806048]
 [-0.77829543 -1.01935931 -0.54056349 -0.36221545 -0.05992811 -1.21614893
  -0.54691825  0.15228364 -0.28845548 -0.9836672   0.90139292  3.64393786
  -0.23440433 -1.22964099  0.85757069]
 [ 0.4840645  -0.87740548 -1.50463827 -0.17192492 -0.5901873  -0.13348578
  -1.37287948 -1.05105226 -0.06378596  0.19994381  0.25787821 -0.23440433
   2.6790642   0.69493141 -0.00858797]
 [-0.44152615  0.07627117  0.3537747   0.9065779   0.47071487 -0.88660663
  -0.29716194  0.23169958  0.00759471  0.36036716  0.91492284 -1.22964099
   0.69493141  2.36290707 -0.58235507]
 [ 0.59681075  0.56484844  0.45462484 -1.00648942 -0.39357884 -0.44657802
   1.14047825 -1.24628527  0.12732879  0.36025273  0.02806048  0.85757069
  -0.00858797 -0.58235507  3.67485925]]
q vector recovered: [ 0.09519437  0.14978688  1.42834963 -0.32881664 -0.30000124 -2.80891225
 -2.51740663 -1.92086112 -0.80864693 -1.20781159  0.83539553 -3.09752697
 -1.92146728 -1.19154908  1.24461265]
Scalar c recovered: [12.22610646]
