Obj value returned by the solver: 525.9451695003024
Obj: 525.9451695003024
Obj value computed with solution variables: 23
SolTime: 1.0103800296783447
Q matrix recovered: [[2.42924748 0.75435581 1.18617726 0.44941077 0.84017219 0.7258366
  0.83608002 1.24245463 0.9053424  1.15568394 1.02951797 0.943786
  1.00408451 0.51619485 1.58338284]
 [0.75435581 2.55187046 1.22541203 1.40915546 1.43653689 0.80103665
  0.94003206 1.40564686 1.53649949 0.86847131 1.72652392 1.00306098
  1.6489483  0.99974135 1.51679427]
 [1.18617726 1.22541203 2.51855499 0.92433936 1.19564067 1.33909169
  1.55613986 0.97838441 1.34702569 1.32906715 1.10658631 1.22947257
  1.54498342 0.98106647 1.28266478]
 [0.44941077 1.40915546 0.92433936 2.04877442 0.73234873 1.26211892
  0.6898023  1.3823149  0.88400887 1.16114304 1.03436311 1.01514643
  1.10711436 0.4299174  0.83117981]
 [0.84017219 1.43653689 1.19564067 0.73234873 1.33896211 0.94010999
  0.62233577 0.5015381  1.22548981 0.47076742 1.32197775 0.53873722
  1.09347509 0.45739491 0.97894483]
 [0.7258366  0.80103665 1.33909169 1.26211892 0.94010999 2.46354063
  1.43240637 0.98238304 0.81863063 1.01969752 1.1412042  0.62849645
  1.11284976 1.19238077 1.15500053]
 [0.83608002 0.94003206 1.55613986 0.6898023  0.62233577 1.43240637
  2.2411999  1.29345279 0.86512626 1.06031675 1.35179676 1.55811894
  0.98226647 1.37876102 0.69891554]
 [1.24245463 1.40564686 0.97838441 1.3823149  0.5015381  0.98238304
  1.29345279 1.74320129 0.65806437 1.25957092 1.04636403 1.08997774
  1.03114099 0.7144879  1.16711673]
 [0.9053424  1.53649949 1.34702569 0.88400887 1.22548981 0.81863063
  0.86512626 0.65806437 1.4367085  0.91642514 1.47978165 1.14599957
  1.29741734 1.10934216 1.24542009]
 [1.15568394 0.86847131 1.32906715 1.16114304 0.47076742 1.01969752
  1.06031675 1.25957092 0.91642514 1.96531148 1.01522607 0.77156799
  0.33947042 1.29797195 1.53792663]
 [1.02951797 1.72652392 1.10658631 1.03436311 1.32197775 1.1412042
  1.35179676 1.04636403 1.47978165 1.01522607 1.79868562 1.25934028
  1.045862   1.25846284 1.23439095]
 [0.943786   1.00306098 1.22947257 1.01514643 0.53873722 0.62849645
  1.55811894 1.08997774 1.14599957 0.77156799 1.25934028 2.06248831
  1.34850531 1.00244539 0.53077977]
 [1.00408451 1.6489483  1.54498342 1.10711436 1.09347509 1.11284976
  0.98226647 1.03114099 1.29741734 0.33947042 1.045862   1.34850531
  2.2614805  0.63863127 1.06079042]
 [0.51619485 0.99974135 0.98106647 0.4299174  0.45739491 1.19238077
  1.37876102 0.7144879  1.10934216 1.29797195 1.25846284 1.00244539
  0.63863127 2.0516463  1.41480524]
 [1.58338284 1.51679427 1.28266478 0.83117981 0.97894483 1.15500053
  0.69891554 1.16711673 1.24542009 1.53792663 1.23439095 0.53077977
  1.06079042 1.41480524 2.04364867]]
q vector recovered: [ 3.04963824  0.52677066  2.2075697  -0.19357801 -0.7359498   2.76663642
 -0.05446357 -0.56506886 -0.73483011 -0.57010137  1.05359419  2.39437396
  2.09904621 -0.26420297 -0.78727575]
Scalar c recovered: [1.01162455]
