Obj value returned by the solver: 537.11716061509
Obj: 537.11716061509
Obj value computed with solution variables: 21
Average LSE = 0.13427929015377252SolTime: 0.8293619155883789
Q matrix recovered: [[ 0.75411048 -0.13039314 -0.778368    0.93548888 -0.39918678  0.60919136
   0.61910644 -0.84536499  0.97811624  0.72586317 -0.47855455 -0.60452759
   0.74538637 -0.48662333  0.68056698]
 [-0.13039314  1.25433084  0.07343864 -0.50704186 -0.00659592  1.00345776
   0.65862433  0.37361746 -1.002098    0.10248503 -0.21673023 -1.16423971
  -0.95784533  0.05330449  0.7574604 ]
 [-0.778368    0.07343864  2.02226427  0.12375455  0.08308906 -0.35467723
   0.98590273  0.82313476  0.58266027  1.20675263  0.27862812 -0.33865206
  -1.3713772   0.40861639  0.38335173]
 [ 0.93548888 -0.50704186  0.12375455  2.02174923 -0.45890724 -0.69277665
   0.31998684 -0.64102391  0.32299996  0.07454615  0.91450262 -0.12791582
  -0.34616972  1.23082641 -1.09373211]
 [-0.39918678 -0.00659592  0.08308906 -0.45890724  1.54413909  0.18136908
  -0.3433512  -0.06722107  0.59171106  0.00393623  0.95268558  0.08533133
  -0.77216614  0.78640291 -0.33092373]
 [ 0.60919136  1.00345776 -0.35467723 -0.69277665  0.18136908  0.65780967
  -0.43094865 -0.81314202 -0.63298127  0.50018135 -1.2111515  -1.4141096
  -0.35738782 -0.93343391 -0.22979865]
 [ 0.61910644  0.65862433  0.98590273  0.31998684 -0.3433512  -0.43094865
   1.83166211  1.17245751  1.16743503  0.11205312 -1.19837365 -0.77568451
  -1.73680267 -0.25584069  1.59416146]
 [-0.84536499  0.37361746  0.82313476 -0.64102391 -0.06722107 -0.81314202
   1.17245751  2.20000984 -0.01910534 -0.77679927 -0.92730322  0.12448612
  -1.27181152  0.47853264 -1.14008871]
 [ 0.97811624 -1.002098    0.58266027  0.32299996  0.59171106 -0.63298127
   1.16743503 -0.01910534  0.39540143 -0.19711116  0.12127555 -0.38674084
   0.10906195 -0.169081    0.21368208]
 [ 0.72586317  0.10248503  1.20675263  0.07454615  0.00393623  0.50018135
   0.11205312 -0.77679927 -0.19711116  0.98269772  0.18496454 -1.07458351
   0.17885811  0.42762972  0.59440388]
 [-0.47855455 -0.21673023  0.27862812  0.91450262  0.95268558 -1.2111515
  -1.19837365 -0.92730322  0.12127555  0.18496454  0.77625049  1.13684201
   0.41226118  0.94729689 -0.03057866]
 [-0.60452759 -1.16423971 -0.33865206 -0.12791582  0.08533133 -1.4141096
  -0.77568451  0.12448612 -0.38674084 -1.07458351  1.13684201  2.85801176
  -0.43775436 -1.3694761   1.23998114]
 [ 0.74538637 -0.95784533 -1.3713772  -0.34616972 -0.77216614 -0.35738782
  -1.73680267 -1.27181152  0.10906195  0.17885811  0.41226118 -0.43775436
   1.42635022  0.95353467  0.24129692]
 [-0.48662333  0.05330449  0.40861639  1.23082641  0.78640291 -0.93343391
  -0.25584069  0.47853264 -0.169081    0.42762972  0.94729689 -1.3694761
   0.95353467  1.83147494 -0.26333622]
 [ 0.68056698  0.7574604   0.38335173 -1.09373211 -0.33092373 -0.22979865
   1.59416146 -1.14008871  0.21368208  0.59440388 -0.03057866  1.23998114
   0.24129692 -0.26333622  2.95091949]]
q vector recovered: [-0.46328461  0.09571423  1.15644381 -0.34263858 -0.66732511 -2.02508962
 -2.30682472 -1.67060585 -0.75758468 -1.6180528   0.60321673 -2.89351132
 -1.24280306 -1.56264489  0.51920606]
Scalar c recovered: [13.01173214]
