Obj value returned by the solver: 637.61686125637
Obj value computed with solution variables: [637.61686787]
Average LSE = 0.15940421531409252SolTime: 0.20250606536865234
Q matrix recovered: [[ 1.68153892 -0.85671576 -0.10677486 -1.23879996  0.2383197  -0.04216427
  -0.02495915  1.0201585  -0.61981843  0.79695747]
 [-0.85671576  2.29496394 -0.41924437  0.30292625 -0.52715994 -0.19544513
   0.2753078   0.28789769  0.15242524  0.00358751]
 [-0.10677486 -0.41924437  1.34435259  0.3447964  -0.33156799  0.61822335
   0.43411576 -0.2384597  -0.76080311  0.29866831]
 [-1.23879996  0.30292625  0.3447964   1.35081898  0.29939511 -0.15935642
  -0.25560123 -0.50512327  0.93616007 -0.50405634]
 [ 0.2383197  -0.52715994 -0.33156799  0.29939511  1.1502454  -0.83157943
  -0.30911206  0.35631234  1.24089596 -0.01648368]
 [-0.04216427 -0.19544513  0.61822335 -0.15935642 -0.83157943  0.90950642
  -0.35208395 -0.17755465 -0.97286848 -0.30702113]
 [-0.02495915  0.2753078   0.43411576 -0.25560123 -0.30911206 -0.35208395
   2.03205862 -0.71075623 -0.73022456  1.14083748]
 [ 1.0201585   0.28789769 -0.2384597  -0.50512327  0.35631234 -0.17755465
  -0.71075623  2.33066804 -0.25001507  0.93127535]
 [-0.61981843  0.15242524 -0.76080311  0.93616007  1.24089596 -0.97286848
  -0.73022456 -0.25001507  1.9920183  -0.82988729]
 [ 0.79695747  0.00358751  0.29866831 -0.50405634 -0.01648368 -0.30702113
   1.14083748  0.93127535 -0.82988729  1.48945237]]
q vector recovered: [ 1.03167149 -0.8496248  -1.00711967 -1.75718084 -1.00680766 -2.10073278
 -0.64260397  1.8853062  -3.02553203 -0.29479425]
Scalar c recovered: [7.058066]
