Time limit reached.
Obj: 526.2245409078245
Upper bound: inf
Average LSE: 0.1315561352269561
SolTime: 18012.5790309906
It. number: 8

Q matrix recovered: [ 2.95265940e+00 -1.67047450e+00 -6.87483509e-02 -1.04576958e+00
  1.43890111e+00  1.15312656e+00 -9.30474115e-01  1.07859155e+00
 -4.65429342e-01  2.18673168e-01 -6.03444208e-01 -1.40408456e+00
  6.69457281e-01 -2.11414387e-02  2.67165176e+00 -1.67047450e+00
  5.87650021e+00  3.76051075e-01 -8.83736971e-01  1.44294163e-01
 -6.49486440e-01 -3.69252641e-01  2.10906664e+00 -1.07597364e+00
  4.43934123e-01  8.08321034e-01  5.05486966e-01  6.76130187e-02
  2.56213478e+00 -2.09126853e+00 -6.87483509e-02  3.76051075e-01
  4.52450581e+00  1.64977074e+00 -5.02018447e-01 -1.95034663e+00
  1.09605189e+00 -2.24774143e+00 -1.51761020e+00  1.16011700e+00
 -7.44975365e-01 -1.86738532e+00  5.40051994e-02  1.84351262e-01
 -1.59724176e+00 -1.04576958e+00 -8.83736971e-01  1.64977074e+00
  3.00961370e+00 -8.74558075e-01 -1.03271237e+00  7.27439166e-01
 -2.31978458e+00  7.14022852e-01  6.09417474e-01 -3.83272296e-01
 -6.19495974e-01  8.14151007e-01 -6.92702226e-01 -1.30287286e+00
  1.43890111e+00  1.44294163e-01 -5.02018447e-01 -8.74558075e-01
  5.90184572e+00  3.05030310e-03 -1.12444710e+00  8.65435441e-01
  4.18197984e-01 -1.52570353e+00 -1.37554193e+00 -2.04897111e+00
  2.38414735e+00 -1.62143215e+00  3.28614073e+00  1.15312656e+00
 -6.49486440e-01 -1.95034663e+00 -1.03271237e+00  3.05030310e-03
  4.33517933e+00 -1.87398292e+00  3.58146308e-01  1.75288618e+00
  2.57803416e+00  2.18017927e+00  2.97237498e+00  4.80209875e-01
  5.91762595e-01  3.52378999e-01 -9.30474115e-01 -3.69252641e-01
  1.09605189e+00  7.27439166e-01 -1.12444710e+00 -1.87398292e+00
  3.85710450e+00 -6.95869565e-02 -1.55056361e-01 -3.60237447e-01
  1.67280793e+00 -7.50056825e-01 -8.80347106e-01 -4.37184621e-01
 -1.16789641e+00  1.07859155e+00  2.10906664e+00 -2.24774143e+00
 -2.31978458e+00  8.65435441e-01  3.58146308e-01 -6.95869565e-02
  6.76942338e+00  5.19640026e-01  4.80998540e-02  1.22174235e+00
  8.52835737e-01 -1.73966564e+00  2.61533666e+00  6.60661516e-01
 -4.65429342e-01 -1.07597364e+00 -1.51761020e+00  7.14022852e-01
  4.18197984e-01  1.75288618e+00 -1.55056361e-01  5.19640026e-01
  6.96655758e+00 -2.21912624e-01  1.72855100e+00  1.74719458e+00
  2.44255637e+00 -9.26516896e-02  2.01415119e-01  2.18673168e-01
  4.43934123e-01  1.16011700e+00  6.09417474e-01 -1.52570353e+00
  2.57803416e+00 -3.60237447e-01  4.80998540e-02 -2.21912624e-01
  5.89112376e+00  1.73503229e+00  1.94065748e+00 -1.40069277e+00
  2.77289068e+00 -2.44198764e+00 -6.03444208e-01  8.08321034e-01
 -7.44975365e-01 -3.83272296e-01 -1.37554193e+00  2.18017927e+00
  1.67280793e+00  1.22174235e+00  1.72855100e+00  1.73503229e+00
  6.43270111e+00  1.91402920e+00  6.85801156e-01  3.72164225e-01
 -2.25243516e+00 -1.40408456e+00  5.05486966e-01 -1.86738532e+00
 -6.19495974e-01 -2.04897111e+00  2.97237498e+00 -7.50056825e-01
  8.52835737e-01  1.74719458e+00  1.94065748e+00  1.91402920e+00
  5.31174998e+00 -1.74938365e+00  1.20964430e+00 -1.82282765e+00
  6.69457281e-01  6.76130187e-02  5.40051994e-02  8.14151007e-01
  2.38414735e+00  4.80209875e-01 -8.80347106e-01 -1.73966564e+00
  2.44255637e+00 -1.40069277e+00  6.85801156e-01 -1.74938365e+00
  7.35680618e+00 -8.01228599e-01  2.89221392e+00 -2.11414387e-02
  2.56213478e+00  1.84351262e-01 -6.92702226e-01 -1.62143215e+00
  5.91762595e-01 -4.37184621e-01  2.61533666e+00 -9.26516896e-02
  2.77289068e+00  3.72164225e-01  1.20964430e+00 -8.01228599e-01
  5.62555233e+00 -2.56014367e-01  2.67165176e+00 -2.09126853e+00
 -1.59724176e+00 -1.30287286e+00  3.28614073e+00  3.52378999e-01
 -1.16789641e+00  6.60661516e-01  2.01415119e-01 -2.44198764e+00
 -2.25243516e+00 -1.82282765e+00  2.89221392e+00 -2.56014367e-01
  6.01583705e+00]
q vector recovered: [-0.85249292 -1.0374887   0.33135399  0.51378876 -0.93994024 -2.27937639
 -0.13207001 -1.2715447  -1.04895019 -1.59266148 -2.44382831 -1.42500963
 -1.89058632 -1.43255426 -0.90935881]
Scalar c recovered: [1.65657978]
