Obj value returned by the solver: 482.96158366452715
Obj value computed with solution variables: [482.9628099]
Average LSE = 0.12074039591613178SolTime: 0.656
Q matrix recovered: [[ 1.86573997 -0.89244262 -0.17084156 -1.25481934  0.093029   -0.08534093
   0.06369615  1.02498262 -0.56355714  0.92584995]
 [-0.89244262  2.02451835 -0.28294208  0.27948534 -0.59322032 -0.20512985
   0.37257991  0.28838945  0.37584374 -0.0751424 ]
 [-0.17084156 -0.28294208  0.93516488  0.35098506  0.11738044  0.86491227
   0.31860584 -0.33840401 -0.94058063  0.31462157]
 [-1.25481934  0.27948534  0.35098506  0.52112646  0.01352312 -0.14028396
  -0.35096102 -0.55256538  1.16586455 -0.1297495 ]
 [ 0.093029   -0.59322032  0.11738044  0.01352312 -0.40089208 -1.01576084
  -0.21772356  0.38122413  2.0872651  -0.0717041 ]
 [-0.08534093 -0.20512985  0.86491227 -0.14028396 -1.01576084 -0.11997117
  -0.31988541 -0.14492887 -0.74101945 -0.52023363]
 [ 0.06369615  0.37257991  0.31860584 -0.35096102 -0.21772356 -0.31988541
   1.63189412 -0.85442759 -0.7773976   1.34945499]
 [ 1.02498262  0.28838945 -0.33840401 -0.55256538  0.38122413 -0.14492887
  -0.85442759  1.85102389 -0.46951277  1.28159562]
 [-0.56355714  0.37584374 -0.94058063  1.16586455  2.0872651  -0.74101945
  -0.7773976  -0.46951277  0.56986442 -1.02148416]
 [ 0.92584995 -0.0751424   0.31462157 -0.1297495  -0.0717041  -0.52023363
   1.34945499  1.28159562 -1.02148416 -0.43539759]]
q vector recovered: [ 0.92381154 -0.82341706 -0.98460351 -1.44967655 -0.54246946 -1.61540805
 -0.51166229  2.13569425 -2.73900925  0.43535645]
Scalar c recovered: [6.73762003]
