Obj value returned by the CP solver: 482.9589365080721
Average LSE = 0.12073973412701802SolTime: 38.41933727264404
It. number: 41
Q matrix recovered: [ 1.86385091 -0.89317176 -0.17263803 -1.25493086  0.09244487 -0.08608514
  0.06352516  1.02381951 -0.56471774  0.92406059 -0.89317176  2.02181976
 -0.28317211  0.27973139 -0.59329344 -0.20513776  0.37240003  0.28673913
  0.37561393 -0.07680277 -0.17263803 -0.28317211  0.9316176   0.35019472
  0.11708726  0.86474787  0.31733551 -0.3409956  -0.94146384  0.31254513
 -1.25493086  0.27973139  0.35019472  0.52192037  0.01401853 -0.1397778
 -0.35170624 -0.55368427  1.16571757 -0.13074801  0.09244487 -0.59329344
  0.11708726  0.01401853 -0.40477997 -1.01654118 -0.21822507  0.37996385
  2.08724802 -0.07272661 -0.08608514 -0.20513776  0.86474787 -0.1397778
 -1.01654118 -0.12775578 -0.3208356  -0.14660524 -0.74176045 -0.52087184
  0.06352516  0.37240003  0.31733551 -0.35170624 -0.21822507 -0.3208356
  1.63027909 -0.85564535 -0.77865419  1.34738665  1.02381951  0.28673913
 -0.3409956  -0.55368427  0.37996385 -0.14660524 -0.85564535  1.8505421
 -0.47171689  1.27947453 -0.56471774  0.37561393 -0.94146384  1.16571757
  2.08724802 -0.74176045 -0.77865419 -0.47171689  0.56330087 -1.02275701
  0.92406059 -0.07680277  0.31254513 -0.13074801 -0.07272661 -0.52087184
  1.34738665  1.27947453 -1.02275701 -0.44870903]
q vector recovered: [ 0.92896781 -0.81960553 -0.97754057 -1.44866073 -0.53848589 -1.60879427
 -0.50649757  2.1430832  -2.73152307  0.44912322]
Scalar c recovered: [6.72370927]
