Obj value returned by the solver: 637.6168625928849
Obj value computed with solution variables: [637.61686313]
Average LSE = 0.15940421564822121SolTime: 0.297
Q matrix recovered: [[ 1.68152996 -0.85671586 -0.10677656 -1.23880279  0.23832    -0.0421701
  -0.02496496  1.02015968 -0.61981993  0.79696254]
 [-0.85671586  2.29496081 -0.41924574  0.30292906 -0.52716009 -0.19544713
   0.27530662  0.28789983  0.15242241  0.00358551]
 [-0.10677656 -0.41924574  1.34435294  0.34479716 -0.33156814  0.61822214
   0.43411364 -0.23846018 -0.76080738  0.2986667 ]
 [-1.23880279  0.30292906  0.34479716  1.35084236  0.299403   -0.15935944
  -0.25560467 -0.50512409  0.93616193 -0.50406081]
 [ 0.23832    -0.52716009 -0.33156814  0.299403    1.15025372 -0.83157953
  -0.30911033  0.35631352  1.24089896 -0.01648978]
 [-0.0421701  -0.19544713  0.61822214 -0.15935944 -0.83157953  0.90950388
  -0.35208624 -0.1775522  -0.9728648  -0.3070201 ]
 [-0.02496496  0.27530662  0.43411364 -0.25560467 -0.30911033 -0.35208624
   2.03205365 -0.71075074 -0.73022156  1.14083878]
 [ 1.02015968  0.28789983 -0.23846018 -0.50512409  0.35631352 -0.1775522
  -0.71075074  2.3306733  -0.25001139  0.93127461]
 [-0.61981993  0.15242241 -0.76080738  0.93616193  1.24089896 -0.9728648
  -0.73022156 -0.25001139  1.99200337 -0.82989406]
 [ 0.79696254  0.00358551  0.2986667  -0.50406081 -0.01648978 -0.3070201
   1.14083878  0.93127461 -0.82989406  1.489461  ]]
q vector recovered: [ 1.03168107 -0.84962092 -1.00711372 -1.75719147 -1.00681531 -2.10072787
 -0.64260046  1.8852967  -3.02552437 -0.2947917 ]
Scalar c recovered: [7.05806307]
