Obj: [503.88862316]
Average LSE = [0.12597216]SolTime: 38.72709393501282
Q matrix recovered: [[ 1.68250454  1.43984541  1.32984624  1.07669596  0.45609352 -0.40157223
  -0.16867427 -1.44895825  0.6149479   0.37902661]
 [ 1.43984541 -0.55295147 -1.1687237   0.32561362  0.26560239  0.61738115
  -0.47554575 -0.38817826 -0.53402597  0.70117644]
 [ 1.32984624 -1.1687237   0.44670083  0.9536968   1.30525272 -0.22269825
  -0.01847672 -0.65375921  0.28405827 -0.09364731]
 [ 1.07669596  0.32561362  0.9536968  -0.51786316 -0.15997292  0.90773584
   0.29076036  0.21956864 -0.15191476 -0.06805159]
 [ 0.45609352  0.26560239  1.30525272 -0.15997292 -0.58316054  0.2785266
  -0.37673124 -0.4226435  -0.33859967  0.05734737]
 [-0.40157223  0.61738115 -0.22269825  0.90773584  0.2785266  -0.05542515
  -1.15947014 -0.65474944 -0.56848125  0.78958299]
 [-0.16867427 -0.47554575 -0.01847672  0.29076036 -0.37673124 -1.15947014
  -0.23712689 -0.3063956   1.18677086 -0.16817262]
 [-1.44895825 -0.38817826 -0.65375921  0.21956864 -0.4226435  -0.65474944
  -0.3063956  -0.34613418 -1.17480997  0.7620704 ]
 [ 0.6149479  -0.53402597  0.28405827 -0.15191476 -0.33859967 -0.56848125
   1.18677086 -1.17480997  0.83147176 -0.59854335]
 [ 0.37902661  0.70117644 -0.09364731 -0.06805159  0.05734737  0.78958299
  -0.16817262  0.7620704  -0.59854335 -0.399881  ]]
q vector recovered: [ 0.65932731  0.79994347 -1.1702355  -2.43844394  0.12374319 -1.9805393
 -2.10150943 -0.40389439  1.08279691 -1.58782659]
Scalar c recovered: [9.65932091]
