Obj: [503.88898012]
Average LSE = [0.12597225]SolTime: 37.01090359687805
Q matrix recovered: [[ 1.68255012  1.43984001  1.32984814  1.07670382  0.45608571 -0.40157208
  -0.16867061 -1.44895376  0.61497084  0.37902486]
 [ 1.43984001 -0.55285707 -1.16873383  0.32561069  0.26561987  0.61739222
  -0.47554421 -0.38816226 -0.53388184  0.70116417]
 [ 1.32984814 -1.16873383  0.44672653  0.95369425  1.30524302 -0.22268213
  -0.01846    -0.65376007  0.28427556 -0.09372015]
 [ 1.07670382  0.32561069  0.95369425 -0.51784244 -0.1599705   0.9077334
   0.29077199  0.21956812 -0.151915   -0.06806539]
 [ 0.45608571  0.26561987  1.30524302 -0.1599705  -0.58303538  0.27851662
  -0.37673678 -0.42263346 -0.33877051  0.05741314]
 [-0.40157208  0.61739222 -0.22268213  0.9077334   0.27851662 -0.05531677
  -1.15945985 -0.65474651 -0.56848175  0.78955944]
 [-0.16867061 -0.47554421 -0.01846     0.29077199 -0.37673678 -1.15945985
  -0.23701062 -0.3063722   1.18677433 -0.16819348]
 [-1.44895376 -0.38816226 -0.65376007  0.21956812 -0.42263346 -0.65474651
  -0.3063722  -0.34604003 -1.17483604  0.76206085]
 [ 0.61497084 -0.53388184  0.28427556 -0.151915   -0.33877051 -0.56848175
   1.18677433 -1.17483604  0.83181684 -0.59859472]
 [ 0.37902486  0.70116417 -0.09372015 -0.06806539  0.05741314  0.78955944
  -0.16819348  0.76206085 -0.59859472 -0.39974842]]
q vector recovered: [ 0.65929594  0.79979403 -1.17032356 -2.43845741  0.12372799 -1.98060372
 -2.10159774 -0.40395778  1.08258745 -1.58783896]
Scalar c recovered: [9.65946679]
