Finished before time limit.
Obj: [503.8757798]
Average LSE: [0.12596894]
SolTime: 32.225101947784424
It. number: 18
Percent. inner: 0.01287887978137689

Q matrix recovered: [[ 1.68304425  1.44097834  1.32978705  1.07685468  0.45661328 -0.40182582
  -0.16889558 -1.4497163   0.61378283  0.38010859]
 [ 1.44097834 -0.55494569 -1.16847139  0.3252515   0.26420597  0.61669859
  -0.47619628 -0.38916874 -0.537366    0.70046952]
 [ 1.32978705 -1.16847139  0.44714879  0.95398974  1.30548866 -0.2231717
  -0.0190138  -0.65351483  0.27795136 -0.09149804]
 [ 1.07685468  0.3252515   0.95398974 -0.51597434 -0.16011578  0.90776634
   0.29044368  0.21953396 -0.15313845 -0.06676977]
 [ 0.45661328  0.26420597  1.30548866 -0.16011578 -0.58803751  0.27781903
  -0.37698764 -0.42381203 -0.33582505  0.05637202]
 [-0.40182582  0.61669859 -0.2231717   0.90776634  0.27781903 -0.06034226
  -1.16045986 -0.65610893 -0.5701152   0.78959307]
 [-0.16889558 -0.47619628 -0.0190138   0.29044368 -0.37698764 -1.16045986
  -0.2421076  -0.30751311  1.18511911 -0.16816799]
 [-1.4497163  -0.38916874 -0.65351483  0.21953396 -0.42381203 -0.65610893
  -0.30751311 -0.35330629 -1.17624477  0.7619589 ]
 [ 0.61378283 -0.537366    0.27795136 -0.15313845 -0.33582505 -0.5701152
   1.18511911 -1.17624477  0.80113598 -0.59699245]
 [ 0.38010859  0.70046952 -0.09149804 -0.06676977  0.05637202  0.78959307
  -0.16816799  0.7619589  -0.59699245 -0.40039391]]
q vector recovered: [ 0.65846411  0.80425549 -1.16819735 -2.43899809  0.12634386 -1.9744626
 -2.09575295 -0.39650397  1.10506295 -1.59002289]
Scalar c recovered: [9.64936073]
