Finished before time limit.
Obj: [503.88805503]
Average LSE: [0.12597201]
SolTime: 33.66484498977661
It. number: 20

Q matrix recovered: [[ 1.68242159  1.44008331  1.32986634  1.07686082  0.45599483 -0.40149052
  -0.16861676 -1.4487556   0.61526461  0.37915343]
 [ 1.44008331 -0.55184034 -1.16871927  0.32567723  0.26572931  0.61740789
  -0.47544909 -0.38809387 -0.53403002  0.70120958]
 [ 1.32986634 -1.16871927  0.44662302  0.95375263  1.30533537 -0.22269328
  -0.0184191  -0.65362499  0.2839996  -0.09349906]
 [ 1.07686082  0.32567723  0.95375263 -0.51759909 -0.15989973  0.90778357
   0.29066413  0.21966862 -0.15191453 -0.06812306]
 [ 0.45599483  0.26572931  1.30533537 -0.15989973 -0.58356102  0.27859769
  -0.37668625 -0.42258141 -0.33827553  0.05733117]
 [-0.40149052  0.61740789 -0.22269328  0.90778357  0.27859769 -0.05538406
  -1.15948249 -0.65469744 -0.56844296  0.78956702]
 [-0.16861676 -0.47544909 -0.0184191   0.29066413 -0.37668625 -1.15948249
  -0.23712757 -0.30635992  1.18673679 -0.16820239]
 [-1.4487556  -0.38809387 -0.65362499  0.21966862 -0.42258141 -0.65469744
  -0.30635992 -0.34469858 -1.1745788   0.76205898]
 [ 0.61526461 -0.53403002  0.2839996  -0.15191453 -0.33827553 -0.56844296
   1.18673679 -1.1745788   0.83005606 -0.59852897]
 [ 0.37915343  0.70120958 -0.09349906 -0.06812306  0.05733117  0.78956702
  -0.16820239  0.76205898 -0.59852897 -0.40015264]]
q vector recovered: [ 0.65879743  0.79902643 -1.17042481 -2.43874669  0.12360779 -1.98070809
 -2.10157832 -0.40506857  1.08310547 -1.587796  ]
Scalar c recovered: [9.66009997]
