Obj value returned by the solver: 503.8754639931742
Obj value computed with solution variables: [503.87628533]
Average LSE = 0.12596886599829354SolTime: 0.657
Q matrix recovered: [[ 1.68341242  1.44131707  1.3299077   1.07717101  0.4565456  -0.40183979
  -0.16881966 -1.44979294  0.61405773  0.38025578]
 [ 1.44131707 -0.55463015 -1.16842083  0.32521585  0.26391684  0.61677649
  -0.47624554 -0.38926562 -0.53711871  0.70029102]
 [ 1.3299077  -1.16842083  0.44743667  0.95415143  1.30539319 -0.2231064
  -0.01891619 -0.65347342  0.27845214 -0.0916489 ]
 [ 1.07717101  0.32521585  0.95415143 -0.5156347  -0.16006444  0.90789009
   0.29053324  0.21954259 -0.15328812 -0.06658199]
 [ 0.4565456   0.26391684  1.30539319 -0.16006444 -0.58809649  0.27763088
  -0.37711802 -0.42398621 -0.33619928  0.05663169]
 [-0.40183979  0.61677649 -0.2231064   0.90789009  0.27763088 -0.0606091
  -1.16053022 -0.65633227 -0.57035971  0.78948351]
 [-0.16881966 -0.47624554 -0.01891619  0.29053324 -0.37711802 -1.16053022
  -0.24237497 -0.30758642  1.1850972  -0.1683523 ]
 [-1.44979294 -0.38926562 -0.65347342  0.21954259 -0.42398621 -0.65633227
  -0.30758642 -0.35351684 -1.17667073  0.76192545]
 [ 0.61405773 -0.53711871  0.27845214 -0.15328812 -0.33619928 -0.57035971
   1.1850972  -1.17667073  0.79776708 -0.59716606]
 [ 0.38025578  0.70029102 -0.0916489  -0.06658199  0.05663169  0.78948351
  -0.1683523   0.76192545 -0.59716606 -0.40004014]]
q vector recovered: [ 0.657692    0.80404916 -1.16878142 -2.43951822  0.12688233 -1.97406394
 -2.0955047  -0.39588939  1.10677486 -1.5900108 ]
Scalar c recovered: [9.64915373]
