Obj value returned by the CP solver: 503.87544039697445
Average LSE = 0.1259688600992436SolTime: 8.702871561050415
It. number: 20
Q matrix recovered: [ 1.68314765  1.44142595  1.32989698  1.07723248  0.45661507 -0.40192369
 -0.16890089 -1.44992001  0.61378474  0.38031607  1.44142595 -0.55477623
 -1.16864795  0.32522565  0.26403806  0.6167136  -0.47634968 -0.38939103
 -0.53740059  0.70021235  1.32989698 -1.16864795  0.44726889  0.95427141
  1.30530101 -0.2230976  -0.01890372 -0.65341818  0.27796029 -0.09157039
  1.07723248  0.32522565  0.95427141 -0.51555787 -0.16015602  0.90800328
  0.29055257  0.21954447 -0.15307846 -0.06660707  0.45661507  0.26403806
  1.30530101 -0.16015602 -0.58842176  0.27753916 -0.37721243 -0.42410823
 -0.3359185   0.05657476 -0.40192369  0.6167136  -0.2230976   0.90800328
  0.27753916 -0.06095355 -1.16049926 -0.656282   -0.5701836   0.7895092
 -0.16890089 -0.47634968 -0.01890372  0.29055257 -0.37721243 -1.16049926
 -0.24282832 -0.3075663   1.18531678 -0.16835342 -1.44992001 -0.38939103
 -0.65341818  0.21954447 -0.42410823 -0.656282   -0.3075663  -0.35397695
 -1.17649501  0.76190089  0.61378474 -0.53740059  0.27796029 -0.15307846
 -0.3359185  -0.5701836   1.18531678 -1.17649501  0.79694358 -0.59684126
  0.38031607  0.70021235 -0.09157039 -0.06660707  0.05657476  0.7895092
 -0.16835342  0.76190089 -0.59684126 -0.40011019]
q vector recovered: [ 0.65794486  0.80448697 -1.16843427 -2.43981846  0.12707935 -1.97394614
 -2.09527084 -0.39559426  1.10708854 -1.59017467]
Scalar c recovered: [9.64883374]
