Obj value returned by the solver: 640.2256098033713
Obj value computed with solution variables: [640.22562265]
Average LSE = 0.16005640245084282SolTime: 0.203
Q matrix recovered: [[ 2.47976313  1.35495859  1.10494271  1.01839137  0.67926046 -0.04225086
   0.12964559 -1.18555131  0.64902397  0.27464168]
 [ 1.35495859  0.91613253 -0.7687857   0.05609227  0.22853993  0.44859429
  -0.56212359 -0.42093589 -0.36279577  0.52336185]
 [ 1.10494271 -0.7687857   1.5526091   0.67231034  1.05564911 -0.11210355
   0.17425111 -0.56104524  0.38710526 -0.21792864]
 [ 1.01839137  0.05609227  0.67231034  0.20129173  0.00884555  0.39262427
  -0.12198446 -0.10673682 -0.10297824  0.17876411]
 [ 0.67926046  0.22853993  1.05564911  0.00884555  0.27542753  0.21986447
  -0.43779408 -0.40439884 -0.27564416  0.07947712]
 [-0.04225086  0.44859429 -0.11210355  0.39262427  0.21986447  0.9037175
  -1.02402148 -0.40370297 -0.63486174  0.4013151 ]
 [ 0.12964559 -0.56212359  0.17425111 -0.12198446 -0.43779408 -1.02402148
   0.24645405 -0.13016629  1.09006656 -0.40624397]
 [-1.18555131 -0.42093589 -0.56104524 -0.10673682 -0.40439884 -0.40370297
  -0.13016629  0.7055523  -1.14786855  0.43128178]
 [ 0.64902397 -0.36279577  0.38710526 -0.10297824 -0.27564416 -0.63486174
   1.09006656 -1.14786855  1.15708711 -0.81478587]
 [ 0.27464168  0.52336185 -0.21792864  0.17876411  0.07947712  0.4013151
  -0.40624397  0.43128178 -0.81478587  0.00690255]]
q vector recovered: [-0.06366685  0.14785632 -1.76082481 -2.13585504 -0.34362354 -2.34511472
 -2.3572538  -1.06604396  0.86470684 -1.14620624]
Scalar c recovered: [10.18730316]
