Obj value returned by the solver: 723.563865238936
Obj: 723.563865238936
Obj value computed with solution variables: 22
SolTime: 0.39757418632507324
Q matrix recovered: [[3.5221095  1.65811325 1.92515496 2.80349632 2.63601466 2.32734768
  1.22018407 2.00551465 0.93259522 2.2644897 ]
 [1.65811325 3.22257372 2.808552   2.48895608 2.37226619 2.01266008
  1.39099799 2.66162608 1.89086541 2.06869727]
 [1.92515496 2.808552   3.75541118 2.35242887 2.15245097 2.75561466
  1.45033447 2.2670712  1.85210385 3.20295287]
 [2.80349632 2.48895608 2.35242887 5.16631559 1.87078694 1.34864797
  2.16672608 2.33974052 2.78257498 2.34241716]
 [2.63601466 2.37226619 2.15245097 1.87078694 3.31292995 3.13389717
  1.79994112 2.25126974 2.22057446 2.49430504]
 [2.32734768 2.01266008 2.75561466 1.34864797 3.13389717 3.86106082
  2.06208041 1.80906015 2.71675059 3.34081637]
 [1.22018407 1.39099799 1.45033447 2.16672608 1.79994112 2.06208041
  2.18765608 1.05407548 3.28987268 2.13941967]
 [2.00551465 2.66162608 2.2670712  2.33974052 2.25126974 1.80906015
  1.05407548 2.5438118  1.19247439 1.6584532 ]
 [0.93259522 1.89086541 1.85210385 2.78257498 2.22057446 2.71675059
  3.28987268 1.19247439 5.23821127 2.86335631]
 [2.2644897  2.06869727 3.20295287 2.34241716 2.49430504 3.34081637
  2.13941967 1.6584532  2.86335631 3.61772472]]
q vector recovered: [-0.88707304  1.01753864  0.70401444  1.57613394  1.28032117 -0.33124766
 -0.91668847 -0.65086872  1.5243702   0.71996119]
Scalar c recovered: [0.21708413]
