Obj value returned by the solver: 391.20932097122176
Obj value computed with solution variables: [391.20932531]
Average LSE = 0.09780233024280544SolTime: 0.36951398849487305
Q matrix recovered: [[ 3.2482016   1.17165274  1.29884256 -0.87785882  1.28469609 -1.48664333
   0.09726822  1.08660803 -0.23242302  0.56796904]
 [ 1.17165274  2.98521184  1.17001718 -1.06237176  0.50592271  0.26789155
   0.27247375  1.04951935 -0.46981882 -0.18656002]
 [ 1.29884256  1.17001718  2.68643907 -1.82074347  1.28715509  0.22333287
  -0.11524214 -0.16016024  0.61351219 -0.43278116]
 [-0.87785882 -1.06237176 -1.82074347  3.71361709 -1.18453808 -1.25686347
  -0.32879312  1.88741455 -1.05072038  1.16708491]
 [ 1.28469609  0.50592271  1.28715509 -1.18453808  1.75683305 -0.13258451
  -0.23701233 -0.26296493  0.19074866  0.33176941]
 [-1.48664333  0.26789155  0.22333287 -1.25686347 -0.13258451  2.00455392
  -0.64061238 -1.24239241 -0.03799713 -1.04454627]
 [ 0.09726822  0.27247375 -0.11524214 -0.32879312 -0.23701233 -0.64061238
   2.55507221  0.63780874  0.68115064 -0.22376775]
 [ 1.08660803  1.04951935 -0.16016024  1.88741455 -0.26296493 -1.24239241
   0.63780874  3.66563842 -1.59418384  0.32588274]
 [-0.23242302 -0.46981882  0.61351219 -1.05072038  0.19074866 -0.03799713
   0.68115064 -1.59418384  3.87136232  0.01455605]
 [ 0.56796904 -0.18656002 -0.43278116  1.16708491  0.33176941 -1.04454627
  -0.22376775  0.32588274  0.01455605  2.4930515 ]]
q vector recovered: [-1.19132431  0.1749599   0.4758131   1.15330157  0.62194986  0.33606713
 -1.43162182 -0.68305398  0.85142625  0.36063436]
Scalar c recovered: [0.73016636]
