Obj value returned by the solver: 361.1607380134875
Obj: 361.1607380134875
Obj value computed with solution variables: 23
Average LSE = 0.09029018450337188SolTime: 0.3406381607055664
Q matrix recovered: [[ 3.39850841e+00  1.20392695e+00  1.33483994e+00 -8.29167678e-01
   1.33844684e+00 -1.46062570e+00  1.06291350e-01  1.13447556e+00
  -1.98557838e-01  6.15666286e-01]
 [ 1.20392695e+00  2.68241659e+00  1.00086776e+00 -1.23249051e+00
   3.38777297e-01  3.20973807e-01  3.94034489e-01  9.23374258e-01
  -6.44138786e-01 -3.54966901e-01]
 [ 1.33483994e+00  1.00086776e+00  2.38660533e+00 -1.98135361e+00
   1.12486726e+00  2.60132461e-01 -1.05242862e-02 -2.92051030e-01
   4.22051560e-01 -6.35024994e-01]
 [-8.29167678e-01 -1.23249051e+00 -1.98135361e+00  3.48668717e+00
  -1.32517204e+00 -1.22130206e+00 -2.26015824e-01  1.76684637e+00
  -1.22897988e+00  9.96210521e-01]
 [ 1.33844684e+00  3.38777297e-01  1.12486726e+00 -1.32517204e+00
   1.51107818e+00 -9.01137052e-02 -1.43921489e-01 -3.96658008e-01
   1.07463140e-03  1.41074734e-01]
 [-1.46062570e+00  3.20973807e-01  2.60132461e-01 -1.22130206e+00
  -9.01137052e-02  2.21809905e+00 -6.11914443e-01 -1.21137597e+00
  -3.36740190e-03 -1.00434592e+00]
 [ 1.06291350e-01  3.94034489e-01 -1.05242862e-02 -2.26015824e-01
  -1.43921489e-01 -6.11914443e-01  2.71092093e+00  7.36051777e-01
   7.79405968e-01 -1.18590724e-01]
 [ 1.13447556e+00  9.23374258e-01 -2.92051030e-01  1.76684637e+00
  -3.96658008e-01 -1.21137597e+00  7.36051777e-01  3.53702324e+00
  -1.73589281e+00  1.88894779e-01]
 [-1.98557838e-01 -6.44138786e-01  4.22051560e-01 -1.22897988e+00
   1.07463140e-03 -3.36740190e-03  7.79405968e-01 -1.73589281e+00
   3.53823305e+00 -1.91014310e-01]
 [ 6.15666286e-01 -3.54966901e-01 -6.35024994e-01  9.96210521e-01
   1.41074734e-01 -1.00434592e+00 -1.18590724e-01  1.88894779e-01
  -1.91014310e-01  2.12886785e+00]]
q vector recovered: [-1.44245216  0.74091544  1.0852723   1.67577545  1.16810539  0.05743438
 -1.9091739  -0.29113173  1.50970999  1.02055571]
Scalar c recovered: [1.11818484e-07]
