Finished before TL = TrueObj value returned by the CP solver: 647.084134030529
Average LSE = 0.16177103350763225SolTime: 72.04609179496765
It. number: 61
Q matrix recovered: [ 1.15351846e+00  9.48413870e-01  3.69017668e-01  1.00924963e+00
 -4.79083812e-01  9.23745668e-01 -7.15740885e-01 -2.79679533e-02
  4.12828044e-02 -9.69133400e-01 -5.06463607e-01 -4.65781980e-02
 -2.48766397e-01  9.48413870e-01  6.24153308e-01 -1.05323360e+00
  1.57547720e-01 -4.59634119e-02  9.95449499e-01 -4.78088666e-01
 -7.09274933e-01  7.34728082e-01  7.25343876e-01 -4.25316826e-01
 -7.67342713e-01 -7.42052035e-01  3.69017668e-01 -1.05323360e+00
  7.54903207e-01  1.19212330e+00 -6.35468155e-02 -4.85254574e-01
 -1.13668969e+00  1.67344381e+00 -1.00273697e+00 -6.01738049e-01
  2.04071379e-02 -8.98249045e-01  3.36285363e-01  1.00924963e+00
  1.57547720e-01  1.19212330e+00  2.14956403e+00 -1.25123605e+00
  9.30148996e-03  3.01606951e-01 -1.04081795e+00  3.48584569e-02
 -8.45288180e-01 -1.50648069e+00  3.38143833e-01  7.91812222e-01
 -4.79083812e-01 -4.59634119e-02 -6.35468155e-02 -1.25123605e+00
  7.80970386e-01 -2.83711261e-01  3.63315302e-01  3.23720801e-01
  4.55305512e-02  5.82247511e-01 -9.81288387e-01  8.11152449e-01
 -1.11264165e+00  9.23745668e-01  9.95449499e-01 -4.85254574e-01
  9.30148996e-03 -2.83711261e-01  8.44105686e-01 -6.22989626e-01
 -2.05163490e-01  8.78781805e-01 -1.41751674e-01  1.30283945e+00
 -1.28045953e+00 -3.46633321e-01 -7.15740885e-01 -4.78088666e-01
 -1.13668969e+00  3.01606951e-01  3.63315302e-01 -6.22989626e-01
 -4.14724034e-01  3.47263433e-01  1.32765400e-01  4.04614740e-01
  9.71453728e-01  3.83709073e-01  4.43451799e-01 -2.79679533e-02
 -7.09274933e-01  1.67344381e+00 -1.04081795e+00  3.23720801e-01
 -2.05163490e-01  3.47263433e-01  1.90387945e+00 -6.31028551e-01
 -3.02884403e-01 -1.55392714e-01 -1.02875670e-01  9.63665213e-01
  4.12828044e-02  7.34728082e-01 -1.00273697e+00  3.48584569e-02
  4.55305512e-02  8.78781805e-01  1.32765400e-01 -6.31028551e-01
 -7.26273443e-01  1.06522160e+00 -5.87295428e-01 -2.45829946e-01
 -4.08202235e-01 -9.69133400e-01  7.25343876e-01 -6.01738049e-01
 -8.45288180e-01  5.82247511e-01 -1.41751674e-01  4.04614740e-01
 -3.02884403e-01  1.06522160e+00  3.90979835e-01 -1.50166171e-02
  8.72561230e-02  1.79478765e-03 -5.06463607e-01 -4.25316826e-01
  2.04071379e-02 -1.50648069e+00 -9.81288387e-01  1.30283945e+00
  9.71453728e-01 -1.55392714e-01 -5.87295428e-01 -1.50166171e-02
  6.17285035e-01  5.88587830e-02 -1.32063681e+00 -4.65781980e-02
 -7.67342713e-01 -8.98249045e-01  3.38143833e-01  8.11152449e-01
 -1.28045953e+00  3.83709073e-01 -1.02875670e-01 -2.45829946e-01
  8.72561230e-02  5.88587830e-02  7.80003549e-01 -5.12729893e-01
 -2.48766397e-01 -7.42052035e-01  3.36285363e-01  7.91812222e-01
 -1.11264165e+00 -3.46633321e-01  4.43451799e-01  9.63665213e-01
 -4.08202235e-01  1.79478765e-03 -1.32063681e+00 -5.12729893e-01
  1.57886364e+00]
q vector recovered: [ 0.18488748  0.40181745  1.26682899  1.25369574 -0.13329093 -0.29355546
 -2.5293396  -3.22115581  0.85656936 -1.29610167 -3.399665   -2.69836599
  0.96822473]
Scalar c recovered: [11.44784825]
