Finished before time limit.
Obj value returned by the CP solver: 647.0841778421984
Average LSE: 0.1617710444605496
SolTime: 119.6978669166565
It. number: 61

Q matrix recovered: [ 1.15344025e+00  9.48270918e-01  3.68954798e-01  1.00918098e+00
 -4.78999120e-01  9.23777995e-01 -7.15797639e-01 -2.80266790e-02
  4.11451677e-02 -9.69264023e-01 -5.06499320e-01 -4.65975268e-02
 -2.48480347e-01  9.48270918e-01  6.23837277e-01 -1.05318967e+00
  1.57526809e-01 -4.60294458e-02  9.95542983e-01 -4.78202764e-01
 -7.09333235e-01  7.34766551e-01  7.25303075e-01 -4.25421059e-01
 -7.67436996e-01 -7.41775813e-01  3.68954798e-01 -1.05318967e+00
  7.54770826e-01  1.19217606e+00 -6.35296889e-02 -4.85227260e-01
 -1.13670341e+00  1.67347250e+00 -1.00275254e+00 -6.01712099e-01
  2.03981362e-02 -8.98274252e-01  3.36287006e-01  1.00918098e+00
  1.57526809e-01  1.19217606e+00  2.14991817e+00 -1.25122361e+00
  9.40641281e-03  3.01483899e-01 -1.04097790e+00  3.49882962e-02
 -8.45457045e-01 -1.50657402e+00  3.38021643e-01  7.91697943e-01
 -4.78999120e-01 -4.60294458e-02 -6.35296889e-02 -1.25122361e+00
  7.80956465e-01 -2.83412592e-01  3.63246481e-01  3.23685798e-01
  4.55204406e-02  5.82238913e-01 -9.81355485e-01  8.11094608e-01
 -1.11263596e+00  9.23777995e-01  9.95542983e-01 -4.85227260e-01
  9.40641281e-03 -2.83412592e-01  8.44832925e-01 -6.22980995e-01
 -2.05198580e-01  8.78826483e-01 -1.41830293e-01  1.30285967e+00
 -1.28043969e+00 -3.46792991e-01 -7.15797639e-01 -4.78202764e-01
 -1.13670341e+00  3.01483899e-01  3.63246481e-01 -6.22980995e-01
 -4.14764955e-01  3.47261775e-01  1.32765793e-01  4.04656782e-01
  9.71425746e-01  3.83702665e-01  4.43662142e-01 -2.80266790e-02
 -7.09333235e-01  1.67347250e+00 -1.04097790e+00  3.23685798e-01
 -2.05198580e-01  3.47261775e-01  1.90398096e+00 -6.30987884e-01
 -3.02886216e-01 -1.55348284e-01 -1.02833683e-01  9.63924290e-01
  4.11451677e-02  7.34766551e-01 -1.00275254e+00  3.49882962e-02
  4.55204406e-02  8.78826483e-01  1.32765793e-01 -6.30987884e-01
 -7.26323429e-01  1.06526550e+00 -5.87352186e-01 -2.45887182e-01
 -4.08221261e-01 -9.69264023e-01  7.25303075e-01 -6.01712099e-01
 -8.45457045e-01  5.82238913e-01 -1.41830293e-01  4.04656782e-01
 -3.02886216e-01  1.06526550e+00  3.91023596e-01 -1.49790261e-02
  8.73300981e-02  2.06901764e-03 -5.06499320e-01 -4.25421059e-01
  2.03981362e-02 -1.50657402e+00 -9.81355485e-01  1.30285967e+00
  9.71425746e-01 -1.55348284e-01 -5.87352186e-01 -1.49790261e-02
  6.17235277e-01  5.88542985e-02 -1.32043483e+00 -4.65975268e-02
 -7.67436996e-01 -8.98274252e-01  3.38021643e-01  8.11094608e-01
 -1.28043969e+00  3.83702665e-01 -1.02833683e-01 -2.45887182e-01
  8.73300981e-02  5.88542985e-02  7.79978246e-01 -5.12541819e-01
 -2.48480347e-01 -7.41775813e-01  3.36287006e-01  7.91697943e-01
 -1.11263596e+00 -3.46792991e-01  4.43662142e-01  9.63924290e-01
 -4.08221261e-01  2.06901764e-03 -1.32043483e+00 -5.12541819e-01
  1.57904511e+00]
q vector recovered: [ 0.18507592  0.40204827  1.26684562  1.25377744 -0.13334417 -0.29410317
 -2.52924667 -3.22123816  0.85658126 -1.29614785 -3.399596   -2.69833168
  0.96747195]
Scalar c recovered: [11.44801687]
