Finished before time limit.
Obj: [647.0880876]
Average LSE: [0.16177202]
SolTime: 201.83993983268738
It. number: 50

Q matrix recovered: [[ 1.15972965  0.94940114  0.36921717  1.00948664 -0.4810647   0.92390981
  -0.71654043 -0.02845174  0.04112495 -0.96869965 -0.50723513 -0.0485688
  -0.24786584]
 [ 0.94940114  0.62632502 -1.05282682  0.16028894 -0.0460011   0.99515196
  -0.47754107 -0.70905212  0.73514311  0.72505453 -0.42346885 -0.76687579
  -0.74304676]
 [ 0.36921717 -1.05282682  0.75303243  1.19259824 -0.06343469 -0.48635877
  -1.13656436  1.67182411 -1.00294003 -0.60101283  0.01962768 -0.89744005
   0.33711509]
 [ 1.00948664  0.16028894  1.19259824  2.15002837 -1.25353507  0.00648532
   0.30184227 -1.04028837  0.03382328 -0.84471136 -1.50510287  0.33843741
   0.79335189]
 [-0.4810647  -0.0460011  -0.06343469 -1.25353507  0.78394383 -0.28224041
   0.36350298  0.32296495  0.04673127  0.581833   -0.98022095  0.81084052
  -1.11502602]
 [ 0.92390981  0.99515196 -0.48635877  0.00648532 -0.28224041  0.84402944
  -0.62321419 -0.20626034  0.87881282 -0.14215501  1.30160853 -1.27935967
  -0.34684848]
 [-0.71654043 -0.47754107 -1.13656436  0.30184227  0.36350298 -0.62321419
  -0.41122156  0.34708153  0.13320179  0.40518241  0.97183742  0.38400771
   0.44380268]
 [-0.02845174 -0.70905212  1.67182411 -1.04028837  0.32296495 -0.20626034
   0.34708153  1.90607614 -0.63098233 -0.30211087 -0.15515729 -0.1033448
   0.96314766]
 [ 0.04112495  0.73514311 -1.00294003  0.03382328  0.04673127  0.87881282
   0.13320179 -0.63098233 -0.72286956  1.06505053 -0.58625787 -0.24513273
  -0.40631187]
 [-0.96869965  0.72505453 -0.60101283 -0.84471136  0.581833   -0.14215501
   0.40518241 -0.30211087  1.06505053  0.38979118 -0.01412934  0.08781285
   0.00257738]
 [-0.50723513 -0.42346885  0.01962768 -1.50510287 -0.98022095  1.30160853
   0.97183742 -0.15515729 -0.58625787 -0.01412934  0.62141164  0.05919973
  -1.31935037]
 [-0.0485688  -0.76687579 -0.89744005  0.33843741  0.81084052 -1.27935967
   0.38400771 -0.1033448  -0.24513273  0.08781285  0.05919973  0.7825706
  -0.51302231]
 [-0.24786584 -0.74304676  0.33711509  0.79335189 -1.11502602 -0.34684848
   0.44380268  0.96314766 -0.40631187  0.00257738 -1.31935037 -0.51302231
   1.57430222]]
q vector recovered: [ 0.18320665  0.39733371  1.26752864  1.25254958 -0.13258179 -0.29103456
 -2.53230574 -3.22082635  0.85252082 -1.29771205 -3.40484999 -2.70056253
  0.96882053]
Scalar c recovered: [11.45211828]
