Obj: [588.18967062]
Average LSE = [0.14704742]SolTime: 416.9217143058777
Q matrix recovered: [[ 0.02317637  0.12147959 -0.48412925 -1.21705628  1.56157266 -0.3849744
   0.36888198  0.25407574 -0.36658572  0.99501867  0.588138    0.47603634
   1.10389071]
 [ 0.12147959 -0.02827133  0.1305379   0.19822111 -0.85682211 -0.53674236
   0.27593143  0.04322775  0.81038739 -0.13858889 -1.07786231  0.26581808
  -1.12336301]
 [-0.48412925  0.1305379  -0.21214213  0.21141744 -0.48644169 -0.93940591
   0.02325811  0.57897102  0.65808346 -0.22991916  0.07469939 -1.02546721
   0.18844097]
 [-1.21705628  0.19822111  0.21141744  1.09354941 -0.08265855 -0.23255031
  -0.69859602 -0.34008878  0.44083405  0.1299411   0.01537215  0.26055618
   0.13003888]
 [ 1.56157266 -0.85682211 -0.48644169 -0.08265855  2.32766641  0.58975557
   0.29658617  0.92113434  0.71787434  0.03675207  0.54945118  0.75132024
   1.06963877]
 [-0.3849744  -0.53674236 -0.93940591 -0.23255031  0.58975557  1.48265159
   0.95986691 -0.40043044 -0.92184685  0.56710299 -0.09000512  1.64844414
  -0.52740193]
 [ 0.36888198  0.27593143  0.02325811 -0.69859602  0.29658617  0.95986691
   1.45565939  0.13908529 -0.07883435 -1.51573369 -0.24785428 -0.39998693
   0.03501443]
 [ 0.25407574  0.04322775  0.57897102 -0.34008878  0.92113434 -0.40043044
   0.13908529  0.47417982 -0.29431651 -0.13258388 -0.53469538 -1.30564839
   0.94535119]
 [-0.36658572  0.81038739  0.65808346  0.44083405  0.71787434 -0.92184685
  -0.07883435 -0.29431651 -0.67161423 -0.68696257  0.34064908  1.257643
   1.09211532]
 [ 0.99501867 -0.13858889 -0.22991916  0.1299411   0.03675207  0.56710299
  -1.51573369 -0.13258388 -0.68696257  1.49564494  0.914936    0.92986003
  -0.8800282 ]
 [ 0.588138   -1.07786231  0.07469939  0.01537215  0.54945118 -0.09000512
  -0.24785428 -0.53469538  0.34064908  0.914936    1.53120726  2.3021664
   0.46308371]
 [ 0.47603634  0.26581808 -1.02546721  0.26055618  0.75132024  1.64844414
  -0.39998693 -1.30564839  1.257643    0.92986003  2.3021664   0.43242719
  -0.49268127]
 [ 1.10389071 -1.12336301  0.18844097  0.13003888  1.06963877 -0.52740193
   0.03501443  0.94535119  1.09211532 -0.8800282   0.46308371 -0.49268127
   2.14460582]]
q vector recovered: [ 0.11208765 -0.78632467 -0.11112614 -0.1824672   0.05492248  1.55961572
  0.85401984  0.06401588 -0.58493925 -0.55482967  0.05495898  0.13248254
  0.26302652]
Scalar c recovered: [1.7121883]
