Obj value returned by the CP solver: 588.1873045773268
Average LSE = 0.1470468261443317SolTime: 613.8827402591705
It. number: 75
Q matrix recovered: [ 0.01903816  0.12114793 -0.48486744 -1.21674859  1.56144219 -0.3849682
  0.36952258  0.25382718 -0.36655522  0.99614983  0.58802584  0.47585535
  1.10399303  0.12114793 -0.02791398  0.12887516  0.19835471 -0.85712024
 -0.53602316  0.27622263  0.04231902  0.81019278 -0.13888408 -1.07903612
  0.26676903 -1.12329613 -0.48486744  0.12887516 -0.21272087  0.21107434
 -0.48650614 -0.94002997  0.02280393  0.57814812  0.65716214 -0.22890984
  0.07415216 -1.02612745  0.18854058 -1.21674859  0.19835471  0.21107434
  1.08843547 -0.08285553 -0.23245845 -0.69865073 -0.34057305  0.44044997
  0.13005884  0.01450732  0.26025842  0.12944897  1.56144219 -0.85712024
 -0.48650614 -0.08285553  2.32696896  0.59025641  0.29685618  0.92156376
  0.71753396  0.0367825   0.54906806  0.75136993  1.07000214 -0.3849682
 -0.53602316 -0.94002997 -0.23245845  0.59025641  1.48889246  0.96161821
 -0.39995132 -0.92143844  0.56742645 -0.09056889  1.64869253 -0.52729429
  0.36952258  0.27622263  0.02280393 -0.69865073  0.29685618  0.96161821
  1.45645567  0.13995848 -0.07871421 -1.51481706 -0.24721283 -0.39976474
  0.03487137  0.25382718  0.04231902  0.57814812 -0.34057305  0.92156376
 -0.39995132  0.13995848  0.47297473 -0.29574008 -0.13338087 -0.53564858
 -1.3063317   0.9454316  -0.36655522  0.81019278  0.65716214  0.44044997
  0.71753396 -0.92143844 -0.07871421 -0.29574008 -0.6748883  -0.68596614
  0.33944612  1.25756371  1.09197635  0.99614983 -0.13888408 -0.22890984
  0.13005884  0.0367825   0.56742645 -1.51481706 -0.13338087 -0.68596614
  1.50498066  0.91367195  0.92936903 -0.87996708  0.58802584 -1.07903612
  0.07415216  0.01450732  0.54906806 -0.09056889 -0.24721283 -0.53564858
  0.33944612  0.91367195  1.52752052  2.30222497  0.46307756  0.47585535
  0.26676903 -1.02612745  0.26025842  0.75136993  1.64869253 -0.39976474
 -1.3063317   1.25756371  0.92936903  2.30222497  0.43208547 -0.49211836
  1.10399303 -1.12329613  0.18854058  0.12944897  1.07000214 -0.52729429
  0.03487137  0.9454316   1.09197635 -0.87996708  0.46307756 -0.49211836
  2.14616698]
q vector recovered: [ 0.1139278  -0.78512052 -0.10788736 -0.17853799  0.05514346  1.55471045
  0.85100673  0.0668648  -0.58166878 -0.56031764  0.06004293  0.13282854
  0.26200935]
Scalar c recovered: [1.71022189]
