Finished before time limit.
Obj value returned by the CP solver: 588.1873291134801
Average LSE: 0.14704683227837004
SolTime: 566.2402079105377
It. number: 77

Q matrix recovered: [ 0.0188532   0.12132801 -0.48498576 -1.21647927  1.56149958 -0.38483396
  0.36961494  0.25394325 -0.36656066  0.99613409  0.58804246  0.47605232
  1.10413551  0.12132801 -0.02805449  0.12890881  0.19799619 -0.85708873
 -0.53615227  0.27625138  0.04221011  0.810193   -0.13896139 -1.07900683
  0.26684705 -1.12333537 -0.48498576  0.12890881 -0.21278069  0.21133904
 -0.48640209 -0.94008847  0.0228831   0.57800218  0.65713907 -0.22902762
  0.0742936  -1.02598062  0.18851946 -1.21647927  0.19799619  0.21133904
  1.08903272 -0.08295976 -0.23222173 -0.69887908 -0.34067954  0.4408318
  0.12981415  0.01423333  0.26023065  0.1294635   1.56149958 -0.85708873
 -0.48640209 -0.08295976  2.32701759  0.59013224  0.29677252  0.92160275
  0.71756637  0.03686497  0.5490362   0.75135219  1.07005775 -0.38483396
 -0.53615227 -0.94008847 -0.23222173  0.59013224  1.48835406  0.96148431
 -0.40002135 -0.92139205  0.56733836 -0.09064798  1.64858313 -0.52731863
  0.36961494  0.27625138  0.0228831  -0.69887908  0.29677252  0.96148431
  1.45631361  0.13995035 -0.07864443 -1.51476844 -0.24719194 -0.39990757
  0.03481685  0.25394325  0.04221011  0.57800218 -0.34067954  0.92160275
 -0.40002135  0.13995035  0.47331979 -0.29579359 -0.13321735 -0.53562568
 -1.30634465  0.94558507 -0.36656066  0.810193    0.65713907  0.4408318
  0.71756637 -0.92139205 -0.07864443 -0.29579359 -0.67501417 -0.68603539
  0.3394804   1.25759241  1.09207518  0.99613409 -0.13896139 -0.22902762
  0.12981415  0.03686497  0.56733836 -1.51476844 -0.13321735 -0.68603539
  1.50534439  0.91378262  0.92927312 -0.88005712  0.58804246 -1.07900683
  0.0742936   0.01423333  0.5490362  -0.09064798 -0.24719194 -0.53562568
  0.3394804   0.91378262  1.52747971  2.30221783  0.46314468  0.47605232
  0.26684705 -1.02598062  0.26023065  0.75135219  1.64858313 -0.39990757
 -1.30634465  1.25759241  0.92927312  2.30221783  0.43146727 -0.49223762
  1.10413551 -1.12333537  0.18851946  0.1294635   1.07005775 -0.52731863
  0.03481685  0.94558507  1.09207518 -0.88005712  0.46314468 -0.49223762
  2.14582128]
q vector recovered: [ 0.11347483 -0.78489551 -0.10801835 -0.1787178   0.05510755  1.5552041
  0.85123557  0.06669447 -0.5818837  -0.56031807  0.06004605  0.13318426
  0.26207667]
Scalar c recovered: [1.71020834]
