Finished before TL = TrueObj value returned by the CP solver: 588.1872775086883
Average LSE = 0.1470468193771721SolTime: 150.87752485275269
It. number: 71
Q matrix recovered: [ 0.01906977  0.12129313 -0.48491667 -1.21665821  1.56140432 -0.38490278
  0.36946214  0.25369314 -0.36654708  0.99616838  0.58801412  0.47580042
  1.10400706  0.12129313 -0.02789983  0.12889072  0.19783903 -0.85709283
 -0.53609804  0.2761839   0.04243209  0.81021908 -0.13907311 -1.07907274
  0.26678802 -1.12328704 -0.48491667  0.12889072 -0.21272878  0.21112798
 -0.4863869  -0.94010606  0.0227449   0.57805184  0.65712933 -0.22881732
  0.07422809 -1.02601704  0.1884155  -1.21665821  0.19783903  0.21112798
  1.08892277 -0.08293441 -0.23269948 -0.69877359 -0.34062931  0.44048423
  0.13001352  0.01435657  0.26032919  0.12939455  1.56140432 -0.85709283
 -0.4863869  -0.08293441  2.3268713   0.59020393  0.29672455  0.9215424
  0.71746294  0.03670183  0.54903146  0.7513168   1.07000465 -0.38490278
 -0.53609804 -0.94010606 -0.23269948  0.59020393  1.48910078  0.96151104
 -0.39986842 -0.92126944  0.5673578  -0.09064826  1.64863619 -0.52730046
  0.36946214  0.2761839   0.0227449  -0.69877359  0.29672455  0.96151104
  1.45636679  0.13998214 -0.07859582 -1.51485875 -0.24728265 -0.39975786
  0.0348355   0.25369314  0.04243209  0.57805184 -0.34062931  0.9215424
 -0.39986842  0.13998214  0.47311333 -0.29576882 -0.13335606 -0.53557445
 -1.3063518   0.9454711  -0.36654708  0.81021908  0.65712933  0.44048423
  0.71746294 -0.92126944 -0.07859582 -0.29576882 -0.67488621 -0.68594181
  0.33933391  1.25749272  1.09211153  0.99616838 -0.13907311 -0.22881732
  0.13001352  0.03670183  0.5673578  -1.51485875 -0.13335606 -0.68594181
  1.50482652  0.91354704  0.92935432 -0.88001457  0.58801412 -1.07907274
  0.07422809  0.01435657  0.54903146 -0.09064826 -0.24728265 -0.53557445
  0.33933391  0.91354704  1.52762833  2.30224445  0.46308082  0.47580042
  0.26678802 -1.02601704  0.26032919  0.7513168   1.64863619 -0.39975786
 -1.3063518   1.25749272  0.92935432  2.30224445  0.43220347 -0.49206033
  1.10400706 -1.12328704  0.1884155   0.12939455  1.07000465 -0.52730046
  0.0348355   0.9454711   1.09211153 -0.88001457  0.46308082 -0.49206033
  2.14594347]
q vector recovered: [ 0.11390514 -0.78488057 -0.10790723 -0.17826305  0.05540706  1.55482755
  0.8513227   0.06678798 -0.58176496 -0.55999608  0.06021005  0.13277193
  0.26212485]
Scalar c recovered: [1.70980708]
