Finished before time limit.
Obj: [588.18965013]
Average LSE: [0.14704741]
SolTime: 821.0354309082031
It. number: 69

Q matrix recovered: [[ 0.02264049  0.12162002 -0.48439813 -1.21689403  1.5614361  -0.38447189
   0.36864977  0.25374538 -0.36694617  0.99476106  0.58773926  0.47598588
   1.10392107]
 [ 0.12162002 -0.02794659  0.13032927  0.19864534 -0.85671901 -0.53676829
   0.27623865  0.04319505  0.81032779 -0.13856224 -1.07800998  0.26587235
  -1.12331061]
 [-0.48439813  0.13032927 -0.21264855  0.21124821 -0.48652354 -0.93943738
   0.02341757  0.57861587  0.65772215 -0.22992655  0.07434907 -1.02544615
   0.18823435]
 [-1.21689403  0.19864534  0.21124821  1.09461478 -0.08243648 -0.23207536
  -0.69866508 -0.33990005  0.44090148  0.13006591  0.01529718  0.26076344
   0.13003016]
 [ 1.5614361  -0.85671901 -0.48652354 -0.08243648  2.32710873  0.59011873
   0.29645638  0.92103665  0.71777804  0.03674657  0.54933279  0.75153551
   1.06923097]
 [-0.38447189 -0.53676829 -0.93943738 -0.23207536  0.59011873  1.48659927
   0.9597139  -0.40026278 -0.92185669  0.56763573 -0.08993971  1.64879359
  -0.52703678]
 [ 0.36864977  0.27623865  0.02341757 -0.69866508  0.29645638  0.9597139
   1.45635113  0.13904191 -0.07884732 -1.51562303 -0.24801408 -0.40006024
   0.0348937 ]
 [ 0.25374538  0.04319505  0.57861587 -0.33990005  0.92103665 -0.40026278
   0.13904191  0.47448177 -0.29463524 -0.13238147 -0.5346904  -1.30538701
   0.94536951]
 [-0.36694617  0.81032779  0.65772215  0.44090148  0.71777804 -0.92185669
  -0.07884732 -0.29463524 -0.67186721 -0.68709967  0.34020072  1.2576086
   1.09204564]
 [ 0.99476106 -0.13856224 -0.22992655  0.13006591  0.03674657  0.56763573
  -1.51562303 -0.13238147 -0.68709967  1.49453955  0.91517362  0.93029407
  -0.87993567]
 [ 0.58773926 -1.07800998  0.07434907  0.01529718  0.54933279 -0.08993971
  -0.24801408 -0.5346904   0.34020072  0.91517362  1.52926034  2.30206301
   0.46287741]
 [ 0.47598588  0.26587235 -1.02544615  0.26076344  0.75153551  1.64879359
  -0.40006024 -1.30538701  1.2576086   0.93029407  2.30206301  0.43267042
  -0.49276398]
 [ 1.10392107 -1.12331061  0.18823435  0.13003016  1.06923097 -0.52703678
   0.0348937   0.94536951  1.09204564 -0.87993567  0.46287741 -0.49276398
   2.14404359]]
q vector recovered: [ 0.11295818 -0.78684729 -0.10997111 -0.18374855  0.05529975  1.55629638
  0.85393548  0.06402922 -0.58390659 -0.55494223  0.05678147  0.13177649
  0.26361483]
Scalar c recovered: [1.71218234]
