Obj value returned by the solver: 899.4084955658352
Obj: 899.4084955658352
Obj value computed with solution variables: 23
SolTime: 0.34773802757263184
Q matrix recovered: [[5.00799451 3.10797635 3.03991375 2.91088925 2.58394428 2.52020314
  3.60027969 1.77351536 1.25347634 2.33170236]
 [3.10797635 4.05115649 3.48476999 3.55968663 1.37467454 1.69065108
  1.48672092 2.70679448 1.34996696 2.4702448 ]
 [3.03991375 3.48476999 4.72747919 3.13428821 2.22486309 2.141155
  2.15894138 1.87951298 2.73426165 2.42285387]
 [2.91088925 3.55968663 3.13428821 3.5931879  1.56164331 1.95654875
  1.80508639 2.79336595 2.08227142 3.02451809]
 [2.58394428 1.37467454 2.22486309 1.56164331 2.82092272 2.49617572
  2.99317419 1.02955435 2.58046978 2.0676608 ]
 [2.52020314 1.69065108 2.141155   1.95654875 2.49617572 3.6024476
  3.25473508 2.23113857 3.1608582  1.95096154]
 [3.60027969 1.48672092 2.15894138 1.80508639 2.99317419 3.25473508
  4.17163566 0.93500568 2.31781585 1.78122087]
 [1.77351536 2.70679448 1.87951298 2.79336595 1.02955435 2.23113857
  0.93500568 3.83933804 2.53832212 2.7890448 ]
 [1.25347634 1.34996696 2.73426165 2.08227142 2.58046978 3.1608582
  2.31781585 2.53832212 4.85191959 3.12160605]
 [2.33170236 2.4702448  2.42285387 3.02451809 2.0676608  1.95096154
  1.78122087 2.7890448  3.12160605 3.79360372]]
q vector recovered: [-0.94714319 -0.84419276 -0.76612425  0.9149367   1.84982245 -0.18764244
 -1.12628669  0.59347187  0.06147068  0.75067513]
Scalar c recovered: [0.17988178]
