Obj value returned by the solver: 362.79118399771227
Obj: 362.79118399771227
Obj value computed with solution variables: 24
Average LSE = 0.09069779599942807SolTime: 0.2978048324584961
Q matrix recovered: [[ 4.71243705  0.89688427  1.81211338 -0.61661465  0.63730165  1.66899009
   1.30960221 -0.43200732 -1.52040981  0.68382224]
 [ 0.89688427  5.21383541  0.27050019 -0.280776   -0.38576752 -1.40611774
  -0.36701296  2.03440319  0.98761112  1.04788811]
 [ 1.81211338  0.27050019  3.55090197  0.35244107  0.68214214  0.57596181
  -0.58437598  0.82158407 -1.48302473  0.74856266]
 [-0.61661465 -0.280776    0.35244107  2.34986538  1.05510596  0.07097079
  -0.99089868  1.40251171 -0.35938556 -1.09799272]
 [ 0.63730165 -0.38576752  0.68214214  1.05510596  1.48363862  0.77702173
  -0.27167     0.05202907  0.10511851 -0.64439609]
 [ 1.66899009 -1.40611774  0.57596181  0.07097079  0.77702173  2.68622869
   0.66022991 -0.94141425 -1.03290318  0.49699773]
 [ 1.30960221 -0.36701296 -0.58437598 -0.99089868 -0.27167     0.66022991
   3.10015596 -0.88630863 -0.96311763  0.38383848]
 [-0.43200732  2.03440319  0.82158407  1.40251171  0.05202907 -0.94141425
  -0.88630863  2.76806183 -0.4421969  -0.17050035]
 [-1.52040981  0.98761112 -1.48302473 -0.35938556  0.10511851 -1.03290318
  -0.96311763 -0.4421969   3.44481611 -0.51438764]
 [ 0.68382224  1.04788811  0.74856266 -1.09799272 -0.64439609  0.49699773
   0.38383848 -0.17050035 -0.51438764  1.90209689]]
q vector recovered: [-1.28498823 -0.70679894 -0.69610414  1.15749858  1.51394837  0.32285275
 -2.16830285  0.58292594  0.2963281   0.95820331]
Scalar c recovered: [-1.61055073e-08]
