Obj value returned by the solver: 353.25390960848256
Obj: 353.25390960848256
Obj value computed with solution variables: 24
SolTime: 0.11505508422851562
Q matrix recovered: [[0.68394904 0.36808056 0.80980783 1.45713034 1.62766976]
 [0.36808056 1.74696861 0.64593268 0.34080541 0.9177259 ]
 [0.80980783 0.64593268 0.98918183 1.7976358  0.60407567]
 [1.45713034 0.34080541 1.7976358  1.2814408  0.91654851]
 [1.62766976 0.9177259  0.60407567 0.91654851 0.45215805]]
q vector recovered: [3.49339738 2.3180537  0.92731688 2.34531733 0.80913474]
Scalar c recovered: [2.98588336]

***************CP******************
Objective: 353.2486071

SolTime: 1.54476
Q matrix:
:      1          2          3          4          5        :=
1   0.664748   0.36585    0.808703   1.45935    1.63366
2   0.36585    1.74493    0.645114   0.340515   0.918236
3   0.808703   0.645114   0.987306   1.79695    0.60383
4   1.45935    0.340515   1.79695    1.27706    0.912999
5   1.63366    0.918236   0.60383    0.912999   0.435463
;

q vector:       
1   3.50068    
2   2.32071    
3   0.929807  
4   2.34878    
5   0.816308   
;


c scalar: 2.98175
