Finished before time limit.
Obj: [580.60917578]
Average LSE: [0.14515229]
SolTime: 428.03006887435913
It. number: 42

Q matrix recovered: [[ 0.6947366  -0.34995644 -0.64899539  0.84832445 -0.46724245  0.33340216
   0.19581791 -0.88118901  0.84645846  0.48845303 -0.36287696 -0.985729
   0.45951934 -0.61697378  0.86941914]
 [-0.34995644  1.09655009 -0.05259804 -0.53847807 -0.1379359   0.98061428
   0.59255155  0.42172262 -0.97909626  0.08683889 -0.2856144  -1.33321892
  -0.79039331 -0.13799968  0.71726592]
 [-0.64899539 -0.05259804  2.45122396  0.26259476  0.06315753 -0.93332807
   0.39828843  0.45054067  0.43526524  0.84457624  0.28500748 -0.81762896
  -1.97874346  0.23271245  0.7473112 ]
 [ 0.84832445 -0.53847807  0.26259476  1.80923614 -0.34108546 -0.65718472
   0.31671706 -0.85932308  0.24890183  0.02131373  0.76186926  0.02005466
  -0.5773222   1.12326374 -1.31671467]
 [-0.46724245 -0.1379359   0.06315753 -0.34108546  1.2693341   0.2107338
  -0.4793914  -0.22598008  0.52414599 -0.03302126  0.79142063  0.1855697
  -1.07091381  0.7144015  -0.50880021]
 [ 0.33340216  0.98061428 -0.93332807 -0.65718472  0.2107338   0.83882524
  -0.35414766 -0.47171058 -0.70495145  0.71205557 -1.39044032 -1.31597564
  -0.01427003 -0.98448017 -0.43728682]
 [ 0.19581791  0.59255155  0.39828843  0.31671706 -0.4793914  -0.35414766
   1.16318043  1.53691256  1.28040225  0.42463765 -1.52109345 -0.79693031
  -1.57429646 -0.23536867  1.46697104]
 [-0.88118901  0.42172262  0.45054067 -0.85932308 -0.22598008 -0.47171058
   1.53691256  1.84953282 -0.00362666 -0.6456117  -0.92307577  0.66930653
  -1.14227628  0.69838351 -1.72280736]
 [ 0.84645846 -0.97909626  0.43526524  0.24890183  0.52414599 -0.70495145
   1.28040225 -0.00362666 -0.39815634 -0.28038472  0.10901348 -0.61452412
   0.38929873 -0.3570614   0.12496183]
 [ 0.48845303  0.08683889  0.84457624  0.02131373 -0.03302126  0.71205557
   0.42463765 -0.6456117  -0.28038472  0.99409502  0.00386328 -0.95398656
   0.52513621  0.25513936  0.28990955]
 [-0.36287696 -0.2856144   0.28500748  0.76186926  0.79142063 -1.39044032
  -1.52109345 -0.92307577  0.10901348  0.00386328  0.77364728  0.82342551
   0.21061437  0.89495622  0.02036518]
 [-0.985729   -1.33321892 -0.81762896  0.02005466  0.1855697  -1.31597564
  -0.79693031  0.66930653 -0.61452412 -0.95398656  0.82342551  2.2042462
   0.03184107 -1.70423694  1.13766715]
 [ 0.45951934 -0.79039331 -1.97874346 -0.5773222  -1.07091381 -0.01427003
  -1.57429646 -1.14227628  0.38929873  0.52513621  0.21061437  0.03184107
   1.70772848  1.24540212 -0.29266079]
 [-0.61697378 -0.13799968  0.23271245  1.12326374  0.7144015  -0.98448017
  -0.23536867  0.69838351 -0.3570614   0.25513936  0.89495622 -1.70423694
   1.24540212  1.13545137 -0.1120575 ]
 [ 0.86941914  0.71726592  0.7473112  -1.31671467 -0.50880021 -0.43728682
   1.46697104 -1.72280736  0.12496183  0.28990955  0.02036518  1.13766715
  -0.29266079 -0.1120575   2.51859197]]
q vector recovered: [ 0.47380898  0.63273712  2.2939436   0.11034461  0.00635219 -1.91946824
 -1.56283566 -1.67356923  0.01602712 -1.36532749  1.33015769 -2.18890109
 -1.31447389 -0.74794687  1.50083594]
Scalar c recovered: [10.85227601]
