Finished before time limit.
Obj: [580.59913858]
Average LSE: [0.14514978]
SolTime: 711.3477730751038
It. number: 60
Percent. inner: 0.7087452262002282

Q matrix recovered: [[ 0.67959804 -0.35297516 -0.65021849  0.84761617 -0.46868341  0.33293143
   0.19609564 -0.87938935  0.84709876  0.49048523 -0.36202707 -0.98666038
   0.45982434 -0.61656035  0.86863329]
 [-0.35297516  1.08092333 -0.05431112 -0.54135501 -0.13918317  0.98041954
   0.59213627  0.42034565 -0.97819893  0.08834185 -0.28657187 -1.33558137
  -0.79188615 -0.13732383  0.71697323]
 [-0.65021849 -0.05431112  2.45001469  0.26177439  0.06294561 -0.93354114
   0.3980354   0.44998343  0.4350565   0.84567284  0.28714188 -0.81775611
  -1.97970019  0.23270428  0.7476578 ]
 [ 0.84761617 -0.54135501  0.26177439  1.81238179 -0.34054654 -0.65630498
   0.31574494 -0.85891417  0.24829999  0.02213898  0.76352878  0.02163828
  -0.57861319  1.12166138 -1.31852847]
 [-0.46868341 -0.13918317  0.06294561 -0.34054654  1.25484665  0.21076837
  -0.47998287 -0.226061    0.52476292 -0.03287357  0.79210473  0.18521597
  -1.07338261  0.71449883 -0.50921144]
 [ 0.33293143  0.98041954 -0.93354114 -0.65630498  0.21076837  0.83445914
  -0.35411332 -0.47163067 -0.70557839  0.71201008 -1.39256181 -1.31747254
  -0.01378734 -0.98549794 -0.43771166]
 [ 0.19609564  0.59213627  0.3980354   0.31574494 -0.47998287 -0.35411332
   1.16450485  1.53819649  1.28202614  0.42560334 -1.52168941 -0.79693183
  -1.57466576 -0.2344163   1.46791649]
 [-0.87938935  0.42034565  0.44998343 -0.85891417 -0.226061   -0.47163067
   1.53819649  1.85674037 -0.00421898 -0.64562965 -0.91983412  0.67088095
  -1.14250046  0.69906042 -1.72448228]
 [ 0.84709876 -0.97819893  0.4350565   0.24829999  0.52476292 -0.70557839
   1.28202614 -0.00421898 -0.39875529 -0.27842117  0.10948148 -0.61554571
   0.38971694 -0.35733863  0.12470375]
 [ 0.49048523  0.08834185  0.84567284  0.02213898 -0.03287357  0.71201008
   0.42560334 -0.64562965 -0.27842117  0.99581614  0.00570973 -0.9543916
   0.52496842  0.25528416  0.29053826]
 [-0.36202707 -0.28657187  0.28714188  0.76352878  0.79210473 -1.39256181
  -1.52168941 -0.91983412  0.10948148  0.00570973  0.78377738  0.82293328
   0.2091064   0.89519972  0.02174863]
 [-0.98666038 -1.33558137 -0.81775611  0.02163828  0.18521597 -1.31747254
  -0.79693183  0.67088095 -0.61554571 -0.9543916   0.82293328  2.19894993
   0.0312842  -1.70586305  1.13744643]
 [ 0.45982434 -0.79188615 -1.97970019 -0.57861319 -1.07338261 -0.01378734
  -1.57466576 -1.14250046  0.38971694  0.52496842  0.2091064   0.0312842
   1.70452831  1.24711938 -0.29277103]
 [-0.61656035 -0.13732383  0.23270428  1.12166138  0.71449883 -0.98549794
  -0.2344163   0.69906042 -0.35733863  0.25528416  0.89519972 -1.70586305
   1.24711938  1.1342127  -0.10976175]
 [ 0.86863329  0.71697323  0.7476578  -1.31852847 -0.50921144 -0.43771166
   1.46791649 -1.72448228  0.12470375  0.29053826  0.02174863  1.13744643
  -0.29277103 -0.10976175  2.51943125]]
q vector recovered: [ 0.48268131  0.64725105  2.2958346   0.11119859  0.01620463 -1.91477011
 -1.56493381 -1.67951919  0.01502349 -1.3713287   1.32143554 -2.1828504
 -1.30972279 -0.74871353  1.50062572]
Scalar c recovered: [10.84688521]
