Finished before time limit.
Obj: 580.5990062771115
Average LSE: 0.14514975156927787
SolTime: 1046.8687720298767
It. number: 64

Q matrix recovered: [ 0.67917504 -0.35318583 -0.65009504  0.84773129 -0.46872713  0.33282567
  0.19604509 -0.87930117  0.84704244  0.49037868 -0.36215477 -0.986793
  0.45973594 -0.61663042  0.86875036 -0.35318583  1.08048412 -0.0543833
 -0.54153852 -0.1392102   0.98047993  0.59221202  0.42015517 -0.97810352
  0.08844037 -0.28667347 -1.3355903  -0.79185758 -0.13721582  0.71691864
 -0.65009504 -0.0543833   2.44978748  0.26179984  0.06286677 -0.93360293
  0.39813598  0.45011018  0.43508537  0.84568464  0.28719167 -0.81781598
 -1.979793    0.23265944  0.74773277  0.84773129 -0.54153852  0.26179984
  1.81225551 -0.34055466 -0.65635016  0.31562231 -0.85895541  0.24823486
  0.02214571  0.76359959  0.02164943 -0.57869981  1.12154449 -1.31850595
 -0.46872713 -0.1392102   0.06286677 -0.34055466  1.25438837  0.21088037
 -0.47993347 -0.22594189  0.52489203 -0.03276808  0.79202053  0.18528125
 -1.07335942  0.71446344 -0.5093268   0.33282567  0.98047993 -0.93360293
 -0.65635016  0.21088037  0.83414245 -0.35413517 -0.47164074 -0.70563876
  0.71200749 -1.39253138 -1.31749861 -0.01373506 -0.98558959 -0.43778572
  0.19604509  0.59221202  0.39813598  0.31562231 -0.47993347 -0.35413517
  1.16465272  1.53824088  1.28202199  0.42559793 -1.52160086 -0.79698336
 -1.57476319 -0.23437387  1.46797946 -0.87930117  0.42015517  0.45011018
 -0.85895541 -0.22594189 -0.47164074  1.53824088  1.85696496 -0.00434836
 -0.64571546 -0.91960833  0.67096032 -1.14252428  0.69901865 -1.72452985
  0.84704244 -0.97810352  0.43508537  0.24823486  0.52489203 -0.70563876
  1.28202199 -0.00434836 -0.39898194 -0.27829327  0.10968081 -0.61561854
  0.38969025 -0.35740407  0.12472762  0.49037868  0.08844037  0.84568464
  0.02214571 -0.03276808  0.71200749  0.42559793 -0.64571546 -0.27829327
  0.99584126  0.00583758 -0.95442812  0.52498149  0.25519144  0.29056074
 -0.36215477 -0.28667347  0.28719167  0.76359959  0.79202053 -1.39253138
 -1.52160086 -0.91960833  0.10968081  0.00583758  0.78339897  0.8229951
  0.20916654  0.89531419  0.0217495  -0.986793   -1.3355903  -0.81781598
  0.02164943  0.18528125 -1.31749861 -0.79698336  0.67096032 -0.61561854
 -0.95442812  0.8229951   2.19867478  0.03130991 -1.70595781  1.13740305
  0.45973594 -0.79185758 -1.979793   -0.57869981 -1.07335942 -0.01373506
 -1.57476319 -1.14252428  0.38969025  0.52498149  0.20916654  0.03130991
  1.70429203  1.24715485 -0.29283231 -0.61663042 -0.13721582  0.23265944
  1.12154449  0.71446344 -0.98558959 -0.23437387  0.69901865 -0.35740407
  0.25519144  0.89531419 -1.70595781  1.24715485  1.13412061 -0.10974812
  0.86875036  0.71691864  0.74773277 -1.31850595 -0.5093268  -0.43778572
  1.46797946 -1.72452985  0.12472762  0.29056074  0.0217495   1.13740305
 -0.29283231 -0.10974812  2.51938004]
q vector recovered: [ 0.48315392  0.64769802  2.29589376  0.11145595  0.01636479 -1.91448278
 -1.56504541 -1.67969494  0.01508585 -1.37143161  1.32127186 -2.18255538
 -1.30947908 -0.7484751   1.50066144]
Scalar c recovered: [10.84647355]
