Finished before time limit.
Obj: 391.20932244157945
Average LSE: 0.09780233061039487
SolTime: 0.6222009658813477
It. number: 0

Q matrix recovered: [[ 3.24820154  1.17165267  1.29884251 -0.87785888  1.28469604 -1.48664332
   0.09726826  1.08660798 -0.23242308  0.56796897]
 [ 1.17165267  2.98521196  1.1700172  -1.06237188  0.50592278  0.26789157
   0.27247376  1.0495194  -0.46981876 -0.18656001]
 [ 1.29884251  1.1700172   2.68643917 -1.82074356  1.28715515  0.22333289
  -0.11524213 -0.16016017  0.61351225 -0.43278114]
 [-0.87785888 -1.06237188 -1.82074356  3.71361633 -1.18453818 -1.25686343
  -0.32879306  1.88741448 -1.0507205   1.16708474]
 [ 1.28469604  0.50592278  1.28715515 -1.18453818  1.7568332  -0.13258448
  -0.23701232 -0.26296486  0.19074874  0.33176944]
 [-1.48664332  0.26789157  0.22333289 -1.25686343 -0.13258448  2.00455389
  -0.64061239 -1.24239239 -0.03799711 -1.04454624]
 [ 0.09726826  0.27247376 -0.11524213 -0.32879306 -0.23701232 -0.64061239
   2.55507212  0.63780874  0.68115065 -0.22376773]
 [ 1.08660798  1.0495194  -0.16016017  1.88741448 -0.26296486 -1.24239239
   0.63780874  3.66563854 -1.59418378  0.32588278]
 [-0.23242308 -0.46981876  0.61351225 -1.0507205   0.19074874 -0.03799711
   0.68115065 -1.59418378  3.87136243  0.01455607]
 [ 0.56796897 -0.18656001 -0.43278114  1.16708474  0.33176944 -1.04454624
  -0.22376773  0.32588278  0.01455607  2.4930514 ]]
q vector recovered: [-1.19132407  0.17495981  0.47581298  1.15330229  0.62194967  0.33606706
 -1.43162186 -0.68305415  0.85142613  0.36063443]
Scalar c recovered: [0.73016633]
