Finished before time limit.
Obj: 391.20930644625366
Average LSE: 0.09780232661156342
SolTime: 15.094459533691406
It. number: 17

Q matrix recovered: [ 3.24821271  1.17166361  1.29885092 -0.87784497  1.28470615 -1.48664006
  0.09726446  1.08661509 -0.2324132   0.56797967  1.17166361  2.98520854
  1.17001585 -1.06235617  0.50592015  0.26788945  0.2724648   1.04950787
 -0.46981893 -0.18656031  1.29885092  1.17001585  2.68643627 -1.82073104
  1.28715245  0.22332934 -0.11524998 -0.16017243  0.6135103  -0.43278356
 -0.87784497 -1.06235617 -1.82073104  3.71370213 -1.18452508 -1.25686352
 -0.32880524  1.88741275 -1.0507049   1.16709975  1.28470615  0.50592015
  1.28715245 -1.18452508  1.75682603 -0.1325876  -0.23702064 -0.26297806
  0.19074353  0.33176479 -1.48664006  0.26788945  0.22332934 -1.25686352
 -0.1325876   2.00456409 -0.6406085  -1.24239605 -0.03799986 -1.04455018
  0.09726446  0.2724648  -0.11524998 -0.32880524 -0.23702064 -0.6406085
  2.55509283  0.63780424  0.68114141 -0.22377653  1.08661509  1.04950787
 -0.16017243  1.88741275 -0.26297806 -1.24239605  0.63780424  3.66559174
 -1.59419683  0.32586886 -0.2324132  -0.46981893  0.6135103  -1.0507049
  0.19074353 -0.03799986  0.68114141 -1.59419683  3.87135977  0.01455224
  0.56797967 -0.18656031 -0.43278356  1.16709975  0.33176479 -1.04455018
 -0.22377653  0.32586886  0.01455224  2.49304713]
q vector recovered: [-1.19136663  0.17496196  0.47582041  1.15322062  0.62196241  0.33606849
 -1.43160052 -0.6829946   0.85143208  0.36064254]
Scalar c recovered: [0.73016504]
