Finished before time limit.
Obj: 391.20930644980143
Average LSE: 0.09780232661245036
SolTime: 10.135524034500122
It. number: 17

Q matrix recovered: [ 3.2482127   1.17166362  1.29885093 -0.87784497  1.28470615 -1.48664006
  0.09726446  1.08661509 -0.23241319  0.56797968  1.17166362  2.98520854
  1.17001585 -1.06235617  0.50592015  0.26788947  0.2724648   1.04950788
 -0.46981894 -0.18656032  1.29885093  1.17001585  2.68643626 -1.82073105
  1.28715245  0.22332936 -0.11524999 -0.16017243  0.6135103  -0.43278357
 -0.87784497 -1.06235617 -1.82073105  3.71370213 -1.18452508 -1.2568635
 -0.32880525  1.88741276 -1.0507049   1.16709975  1.28470615  0.50592015
  1.28715245 -1.18452508  1.75682602 -0.13258758 -0.23702064 -0.26297805
  0.19074353  0.33176479 -1.48664006  0.26788947  0.22332936 -1.2568635
 -0.13258758  2.00456409 -0.64060851 -1.24239603 -0.03799984 -1.04455016
  0.09726446  0.2724648  -0.11524999 -0.32880525 -0.23702064 -0.64060851
  2.55509284  0.63780423  0.68114141 -0.22377653  1.08661509  1.04950788
 -0.16017243  1.88741276 -0.26297805 -1.24239603  0.63780423  3.66559178
 -1.59419682  0.32586887 -0.23241319 -0.46981894  0.6135103  -1.0507049
  0.19074353 -0.03799984  0.68114141 -1.59419682  3.87135977  0.01455224
  0.56797968 -0.18656032 -0.43278357  1.16709975  0.33176479 -1.04455016
 -0.22377653  0.32586887  0.01455224  2.49304713]
q vector recovered: [-1.19136665  0.17496195  0.47582041  1.1532206   0.62196241  0.33606841
 -1.43160051 -0.68299467  0.85143206  0.36064253]
Scalar c recovered: [0.7301651]
