Obj value returned by the CP solver: 391.20930646932743
Average LSE = 0.09780232661733186SolTime: 7.231916904449463
It. number: 17
Q matrix recovered: [ 3.2482127   1.17166366  1.29885097 -0.87784493  1.28470619 -1.48664006
  0.09726443  1.08661513 -0.23241314  0.56797972  1.17166366  2.98520854
  1.17001585 -1.06235611  0.50592015  0.26788948  0.27246483  1.04950782
 -0.46981892 -0.18656031  1.29885097  1.17001585  2.68643628 -1.82073099
  1.28715246  0.22332936 -0.11524996 -0.16017249  0.61351031 -0.43278356
 -0.87784493 -1.06235611 -1.82073099  3.71370243 -1.18452501 -1.25686351
 -0.32880524  1.88741274 -1.05070483  1.16709982  1.28470619  0.50592015
  1.28715246 -1.18452501  1.75682602 -0.13258758 -0.23702061 -0.26297811
  0.19074353  0.33176479 -1.48664006  0.26788948  0.22332936 -1.25686351
 -0.13258758  2.00456406 -0.64060851 -1.24239603 -0.03799984 -1.04455016
  0.09726443  0.27246483 -0.11524996 -0.32880524 -0.23702061 -0.64060851
  2.5550928   0.63780427  0.68114144 -0.22377651  1.08661513  1.04950782
 -0.16017249  1.88741274 -0.26297811 -1.24239603  0.63780427  3.66559149
 -1.59419689  0.3258688  -0.23241314 -0.46981892  0.61351031 -1.05070483
  0.19074353 -0.03799984  0.68114144 -1.59419689  3.87135978  0.01455224
  0.56797972 -0.18656031 -0.43278356  1.16709982  0.33176479 -1.04455016
 -0.22377651  0.3258688   0.01455224  2.49304713]
q vector recovered: [-1.19136678  0.1749619   0.47582036  1.15322027  0.62196237  0.33606842
 -1.43160058 -0.68299436  0.85143201  0.36064249]
Scalar c recovered: [0.73016522]
