Obj value returned by the solver: 1929.8184205134853
Obj: 1929.8184205134853
Obj value computed with solution variables: 24
SolTime: 1.0662169456481934
Q matrix recovered: [[3.64902122 2.49084764 0.9810905  3.23999348 2.52799472 1.93289694
  3.38258607 2.5714219  1.93527788 1.67483585 2.2603173  3.35804086
  2.13471027 2.00217707 3.5763519 ]
 [2.49084764 4.9006442  1.7235327  3.5305465  3.24060611 2.75106563
  1.47080719 1.91505535 2.46573917 1.53641206 1.41191614 2.3476759
  3.3550823  3.28908917 2.41420539]
 [0.9810905  1.7235327  4.77838431 2.62217072 2.19725673 2.4507053
  1.64800743 1.84674541 3.2206603  3.67560017 2.22486396 2.62864588
  2.86271758 2.6518513  1.46479251]
 [3.23999348 3.5305465  2.62217072 4.97798457 3.3223441  3.04705304
  3.08410356 2.1950434  2.55211752 1.74093042 1.82254134 3.682273
  2.62897835 2.50184252 2.84047121]
 [2.52799472 3.24060611 2.19725673 3.3223441  4.89968067 2.58741956
  2.50463977 2.33610481 2.64511012 2.50792305 2.08191679 2.62770749
  2.82059578 1.29982805 3.1050068 ]
 [1.93289694 2.75106563 2.4507053  3.04705304 2.58741956 5.20116711
  1.71488285 2.69423025 1.46504816 1.94138969 1.88788896 2.92686079
  3.38898969 1.92924054 1.19545765]
 [3.38258607 1.47080719 1.64800743 3.08410356 2.50463977 1.71488285
  5.54408785 2.28198944 2.81107711 2.88567884 2.90653224 4.17009432
  2.74697006 1.30540296 3.09854019]
 [2.5714219  1.91505535 1.84674541 2.1950434  2.33610481 2.69423025
  2.28198944 3.57035043 1.48235997 2.36741344 3.03098563 2.76323525
  3.40619899 2.44237142 3.54412595]
 [1.93527788 2.46573917 3.2206603  2.55211752 2.64511012 1.46504816
  2.81107711 1.48235997 4.25994416 3.30791689 1.93104538 2.59296128
  2.97853423 1.83675524 2.24968978]
 [1.67483585 1.53641206 3.67560017 1.74093042 2.50792305 1.94138969
  2.88567884 2.36741344 3.30791689 4.59578888 3.66395228 2.69156595
  3.18409663 2.38980008 2.24149437]
 [2.2603173  1.41191614 2.22486396 1.82254134 2.08191679 1.88788896
  2.90653224 3.03098563 1.93104538 3.66395228 4.23138947 2.48578748
  3.09741068 2.44077863 2.9455766 ]
 [3.35804086 2.3476759  2.62864588 3.682273   2.62770749 2.92686079
  4.17009432 2.76323525 2.59296128 2.69156595 2.48578748 4.38164154
  2.96996168 2.52819237 3.1099247 ]
 [2.13471027 3.3550823  2.86271758 2.62897835 2.82059578 3.38898969
  2.74697006 3.40619899 2.97853423 3.18409663 3.09741068 2.96996168
  5.30507365 3.23995381 3.068394  ]
 [2.00217707 3.28908917 2.6518513  2.50184252 1.29982805 1.92924054
  1.30540296 2.44237142 1.83675524 2.38980008 2.44077863 2.52819237
  3.23995381 4.5955057  2.5134703 ]
 [3.5763519  2.41420539 1.46479251 2.84047121 3.1050068  1.19545765
  3.09854019 3.54412595 2.24968978 2.24149437 2.9455766  3.1099247
  3.068394   2.5134703  5.08663115]]
q vector recovered: [-2.93423203 -2.51363436 -3.31261859 -3.60994469 -3.18126498 -3.55433217
 -2.57760409 -3.26225442 -2.84448713 -3.25203125 -2.56016022 -3.66360713
 -2.32778834 -3.12809141 -2.952287  ]
Scalar c recovered: [2.07601435]
