Obj value returned by the solver: 572.7712122966233
Obj value computed with solution variables: [572.77121647]
Average LSE = 0.14319280307415583SolTime: 0.8058390617370605
Q matrix recovered: [[ 4.35915117 -0.15688848 -1.61622475  2.85625842  0.97083775  0.402515
   0.02044084  1.1343163   0.16173651 -1.41146567 -1.59049847  0.75398213
  -0.03056611 -0.66066314  1.44693187]
 [-0.15688848  5.7269052   2.5393069   2.60968308 -0.19336236  2.22093457
  -1.88390601  1.12536944  2.17562045 -1.30207025  0.02302405  1.34278914
   0.51880888  2.26799843  0.26848436]
 [-1.61622475  2.5393069   6.88609298  0.28559348 -0.93018897  0.8968444
  -1.64735011 -0.57897663  2.79763441 -0.14963191  0.19607088 -1.6824789
  -0.01702577  1.62369866 -0.24463326]
 [ 2.85625842  2.60968308  0.28559348  6.19974608  0.44660262  1.27579525
   0.36492655  2.80338375  1.32565383 -1.28231703 -1.18571624  1.54242472
  -0.26156264  2.03639779  1.67444558]
 [ 0.97083775 -0.19336236 -0.93018897  0.44660262  5.49586083 -1.32315575
   0.30321263  0.22266874  3.56487052 -3.30934331  1.73477656  0.10885365
  -2.37396313 -0.69938414  0.03213809]
 [ 0.402515    2.22093457  0.8968444   1.27579525 -1.32315575  4.96374964
  -2.21298913  0.12524041  0.56185022 -1.26139827 -1.11857513  0.31986108
  -0.12719637  0.90696031  0.45021007]
 [ 0.02044084 -1.88390601 -1.64735011  0.36492655  0.30321263 -2.21298913
   5.6756093   1.6678544   0.25449123  0.97423688  0.24955956  1.52885179
   0.63139395 -0.74321458 -1.02180461]
 [ 1.1343163   1.12536944 -0.57897663  2.80338375  0.22266874  0.12524041
   1.6678544   5.27568125  0.60054512 -1.10225733  1.22259066  1.59634659
   1.36199882 -0.29208438  2.04613587]
 [ 0.16173651  2.17562045  2.79763441  1.32565383  3.56487052  0.56185022
   0.25449123  0.60054512  6.6933996  -4.23343488  1.23571003  0.44146195
  -1.58598441  2.1771285   1.04756754]
 [-1.41146567 -1.30207025 -0.14963191 -1.28231703 -3.30934331 -1.26139827
   0.97423688 -1.10225733 -4.23343488  5.54520027 -1.60836066 -0.76662344
   1.22970111 -1.69527832 -0.53735956]
 [-1.59049847  0.02302405  0.19607088 -1.18571624  1.73477656 -1.11857513
   0.24955956  1.22259066  1.23571003 -1.60836066  4.17784123 -0.97733027
  -1.30850056  0.68766865  0.8425468 ]
 [ 0.75398213  1.34278914 -1.6824789   1.54242472  0.10885365  0.31986108
   1.52885179  1.59634659  0.44146195 -0.76662344 -0.97733027  2.8023992
   1.28410589  0.0611942   0.05529656]
 [-0.03056611  0.51880888 -0.01702577 -0.26156264 -2.37396313 -0.12719637
   0.63139395  1.36199882 -1.58598441  1.22970111 -1.30850056  1.28410589
   3.51616109 -1.1826319  -0.41677346]
 [-0.66066314  2.26799843  1.62369866  2.03639779 -0.69938414  0.90696031
  -0.74321458 -0.29208438  2.1771285  -1.69527832  0.68766865  0.0611942
  -1.1826319   4.77878572  0.23100293]
 [ 1.44693187  0.26848436 -0.24463326  1.67444558  0.03213809  0.45021007
  -1.02180461  2.04613587  1.04756754 -0.53735956  0.8425468   0.05529656
  -0.41677346  0.23100293  5.94477255]]
q vector recovered: [-1.47934546 -1.70237365 -1.48966273 -3.83741699 -0.21296505 -1.56117691
 -0.4800252  -2.70316634 -2.07177209  1.05565461  0.03981762 -0.93105707
  0.10622266 -1.25238159 -2.06938066]
Scalar c recovered: [1.75821983]
