Obj value returned by the solver: 379.6034245727891
Obj: 379.6034245727891
Obj value computed with solution variables: 23
Average LSE = 0.09490085614319728SolTime: 1.1787950992584229
Q matrix recovered: [[ 5.08723685e+00 -1.45732178e-01 -1.57605199e+00  2.87999653e+00
   1.10623869e+00  5.80378418e-01 -2.32922995e-02  1.15575350e+00
   9.08335685e-02 -1.26727037e+00 -1.50153426e+00  8.07957977e-01
   7.22349757e-04 -6.08246256e-01  1.42809124e+00]
 [-1.45732178e-01  4.59832403e+00  2.47192107e+00  2.01900457e+00
  -1.07277956e-01  2.38089085e+00 -2.34154106e+00  8.13379002e-01
   1.51933142e+00 -1.07467431e+00 -1.90206858e-01  1.11326141e+00
   1.67888747e-01  2.18277798e+00 -1.45662660e-01]
 [-1.57605199e+00  2.47192107e+00  7.58203727e+00  2.37382270e-01
  -8.07262328e-01  1.04751434e+00 -1.77759580e+00 -6.51003633e-01
   2.63611374e+00 -2.22318991e-02  2.10741912e-01 -1.71364658e+00
  -2.70976834e-02  1.57980222e+00 -2.69675047e-01]
 [ 2.87999653e+00  2.01900457e+00  2.37382270e-01  5.82332040e+00
   5.84041954e-01  1.42822479e+00  3.55535038e-02  2.54024739e+00
   7.70058139e-01 -1.05264216e+00 -1.37608047e+00  1.36418522e+00
  -5.93715947e-01  1.97380095e+00  1.31084253e+00]
 [ 1.10623869e+00 -1.07277956e-01 -8.07262328e-01  5.84041954e-01
   6.27882770e+00 -1.25607633e+00  3.57478412e-01  2.92405041e-01
   3.63535195e+00 -3.24392166e+00  1.82940102e+00  2.12682362e-01
  -2.29848915e+00 -6.62018657e-01  4.74909773e-02]
 [ 5.80378418e-01  2.38089085e+00  1.04751434e+00  1.42822479e+00
  -1.25607633e+00  5.74331416e+00 -2.06044590e+00  1.49133605e-01
   6.83478312e-01 -1.19209984e+00 -1.00196284e+00  3.83699502e-01
  -3.10127558e-02  1.04574117e+00  5.68359885e-01]
 [-2.32922995e-02 -2.34154106e+00 -1.77759580e+00  3.55535038e-02
   3.57478412e-01 -2.06044590e+00  5.58218254e+00  1.46824392e+00
  -1.50816680e-01  1.18612742e+00  1.19200878e-01  1.35328581e+00
   4.04693797e-01 -7.70672716e-01 -1.28515573e+00]
 [ 1.15575350e+00  8.13379002e-01 -6.51003633e-01  2.54024739e+00
   2.92405041e-01  1.49133605e-01  1.46824392e+00  5.51798343e+00
   2.65258368e-01 -9.16061454e-01  1.11695092e+00  1.51751665e+00
   1.16409965e+00 -3.24041741e-01  1.84146374e+00]
 [ 9.08335685e-02  1.51933142e+00  2.63611374e+00  7.70058139e-01
   3.63535195e+00  6.83478312e-01 -1.50816680e-01  2.65258368e-01
   5.69945871e+00 -4.02153121e+00  1.00893345e+00  7.64720963e-02
  -1.99294344e+00  2.04376695e+00  6.47319831e-01]
 [-1.26727037e+00 -1.07467431e+00 -2.22318991e-02 -1.05264216e+00
  -3.24392166e+00 -1.19209984e+00  1.18612742e+00 -9.16061454e-01
  -4.02153121e+00  6.12341593e+00 -1.50544021e+00 -6.89915674e-01
   1.34888647e+00 -1.60038649e+00 -4.05181123e-01]
 [-1.50153426e+00 -1.90206858e-01  2.10741912e-01 -1.37608047e+00
   1.82940102e+00 -1.00196284e+00  1.19200878e-01  1.11695092e+00
   1.00893345e+00 -1.50544021e+00  4.50284044e+00 -1.03056988e+00
  -1.41430411e+00  6.77806073e-01  7.31906081e-01]
 [ 8.07957977e-01  1.11326141e+00 -1.71364658e+00  1.36418522e+00
   2.12682362e-01  3.83699502e-01  1.35328581e+00  1.51751665e+00
   7.64720963e-02 -6.89915674e-01 -1.03056988e+00  3.01670152e+00
   1.13779197e+00  3.12275022e-02 -1.36578064e-01]
 [ 7.22349757e-04  1.67888747e-01 -2.70976834e-02 -5.93715947e-01
  -2.29848915e+00 -3.10127558e-02  4.04693797e-01  1.16409965e+00
  -1.99294344e+00  1.34888647e+00 -1.41430411e+00  1.13779197e+00
   3.52194740e+00 -1.28276148e+00 -6.57964937e-01]
 [-6.08246256e-01  2.18277798e+00  1.57980222e+00  1.97380095e+00
  -6.62018657e-01  1.04574117e+00 -7.70672716e-01 -3.24041741e-01
   2.04376695e+00 -1.60038649e+00  6.77806073e-01  3.12275022e-02
  -1.28276148e+00  5.31879933e+00  1.82223888e-01]
 [ 1.42809124e+00 -1.45662660e-01 -2.69675047e-01  1.31084253e+00
   4.74909773e-02  5.68359885e-01 -1.28515573e+00  1.84146374e+00
   6.47319831e-01 -4.05181123e-01  7.31906081e-01 -1.36578064e-01
  -6.57964937e-01  1.82223888e-01  5.79163631e+00]]
q vector recovered: [-2.16569522  0.4303854  -1.74764168 -2.37198293 -1.18980472 -2.78657721
  0.62804891 -2.02287913  0.19823405 -0.27652786  0.28208331 -0.40607646
  1.07814628 -1.367708   -0.91895125]
Scalar c recovered: [-6.15236212e-12]
