Obj value returned by the solver: 580.601472890922
Obj value computed with solution variables: [580.60206747]
Average LSE = 0.1451503682227305SolTime: 1.156
Q matrix recovered: [[ 0.68362624 -0.35199709 -0.64838943  0.84884374 -0.46718464  0.33391489
   0.19701895 -0.87852007  0.84829353  0.49128876 -0.36146621 -0.98555975
   0.46044142 -0.61559242  0.87025427]
 [-0.35199709  1.08239242 -0.0530541  -0.54092681 -0.13824026  0.9810795
   0.59274024  0.42067719 -0.97781162  0.08882598 -0.28602708 -1.33475141
  -0.79144824 -0.13646889  0.71789265]
 [-0.64838943 -0.0530541   2.45407538  0.26262008  0.06403468 -0.93249515
   0.39904476  0.45117033  0.43675531  0.84684796  0.28835835 -0.81650373
  -1.97884613  0.23353343  0.74823657]
 [ 0.84884374 -0.54092681  0.26262008  1.81342087 -0.34022423 -0.65570238
   0.31665526 -0.85848906  0.24930953  0.02262582  0.76450984  0.02220049
  -0.57801902  1.12260471 -1.31798071]
 [-0.46718464 -0.13824026  0.06403468 -0.34022423  1.25626584  0.21150847
  -0.47900061 -0.22559344  0.52636971 -0.03190949  0.79310893  0.18625318
  -1.07256264  0.71550469 -0.50831452]
 [ 0.33391489  0.9810795  -0.93249515 -0.65570238  0.21150847  0.83683155
  -0.35323875 -0.47067375 -0.70474293  0.71268078 -1.39174912 -1.31669931
  -0.01321338 -0.98464114 -0.43645702]
 [ 0.19701895  0.59274024  0.39904476  0.31665526 -0.47900061 -0.35323875
   1.16590423  1.53857758  1.28254305  0.42631164 -1.52094202 -0.79602099
  -1.57415929 -0.23377768  1.46899395]
 [-0.87852007  0.42067719  0.45117033 -0.85848906 -0.22559344 -0.47067375
   1.53857758  1.85931592 -0.00372239 -0.64548948 -0.91915281  0.67156321
  -1.14181476  0.69957827 -1.72307745]
 [ 0.84829353 -0.97781162  0.43675531  0.24930953  0.52636971 -0.70474293
   1.28254305 -0.00372239 -0.39626184 -0.27739638  0.10991104 -0.61447955
   0.39030917 -0.3566599   0.12584006]
 [ 0.49128876  0.08882598  0.84684796  0.02262582 -0.03190949  0.71268078
   0.42631164 -0.64548948 -0.27739638  0.99784965  0.00604753 -0.95357244
   0.52570849  0.25623281  0.29159689]
 [-0.36146621 -0.28602708  0.28835835  0.76450984  0.79310893 -1.39174912
  -1.52094202 -0.91915281  0.10991104  0.00604753  0.78534269  0.82369731
   0.20942111  0.89571099  0.0228354 ]
 [-0.98555975 -1.33475141 -0.81650373  0.02220049  0.18625318 -1.31669931
  -0.79602099  0.67156321 -0.61447955 -0.95357244  0.82369731  2.20187578
   0.03184458 -1.70485461  1.13898606]
 [ 0.46044142 -0.79144824 -1.97884613 -0.57801902 -1.07256264 -0.01321338
  -1.57415929 -1.14181476  0.39030917  0.52570849  0.20942111  0.03184458
   1.70732175  1.24772192 -0.29152273]
 [-0.61559242 -0.13646889  0.23353343  1.12260471  0.71550469 -0.98464114
  -0.23377768  0.69957827 -0.3566599   0.25623281  0.89571099 -1.70485461
   1.24772192  1.13639505 -0.10899453]
 [ 0.87025427  0.71789265  0.74823657 -1.31798071 -0.50831452 -0.43645702
   1.46899395 -1.72307745  0.12584006  0.29159689  0.0228354   1.13898606
  -0.29152273 -0.10899453  2.52004293]]
q vector recovered: [ 0.47288593  0.64150156  2.28580494  0.10585487  0.00869315 -1.92188655
 -1.57110756 -1.68557575  0.00722186 -1.37768568  1.31555031 -2.1909704
 -1.31578037 -0.75545174  1.4928454 ]
Scalar c recovered: [10.87251799]
