Obj value returned by the solver: 897.8860969869564
Obj value computed with solution variables: [897.88609727]
Average LSE = 0.2244715242467391SolTime: 0.422
Q matrix recovered: [[ 1.53279615 -0.20706854 -0.50104192  0.70780472 -0.47911837  0.41903718
   0.53753163 -1.28303991  0.67623098  0.28657608 -0.3982401  -0.77829551
   0.48406453 -0.44152579  0.59681045]
 [-0.20706854  1.80002385  0.16440629 -0.47301269 -0.0512924   0.89613165
   0.54977196  0.23134105 -0.86922442  0.0605951  -0.59488698 -1.01935913
  -0.8774055   0.07627134  0.56484848]
 [-0.50104192  0.16440629  2.89691096  0.08893943  0.09835554 -0.57767877
   0.76518388  0.38751225  0.34117259  0.76201238  0.3128066  -0.54056343
  -1.50463792  0.35377514  0.45462473]
 [ 0.70780472 -0.47301269  0.08893943  2.47094141 -0.27117307 -0.70217872
   0.14230581 -0.42417747  0.36176773  0.03977206  0.75630158 -0.36221593
  -0.17192514  0.90657797 -1.00648925]
 [-0.47911837 -0.0512924   0.09835554 -0.27117307  1.84565291  0.02843941
  -0.36693101 -0.12446013  0.355199   -0.07243021  0.73438291 -0.05992846
  -0.59018741  0.47071479 -0.39357871]
 [ 0.41903718  0.89613165 -0.57767877 -0.70217872  0.02843941  1.90812906
  -0.19784157 -0.44036005 -0.54529     0.51358847 -1.06352877 -1.21614905
  -0.13348564 -0.88660709 -0.44657805]
 [ 0.53753163  0.54977196  0.76518388  0.14230581 -0.36693101 -0.19784157
   2.79402278  1.26943156  0.89692158  0.18629969 -1.22766892 -0.54691779
  -1.3728798  -0.29716192  1.14047792]
 [-1.28303991  0.23134105  0.38751225 -0.42417747 -0.12446013 -0.44036005
   1.26943156  3.07866394  0.02307587 -0.58159061 -0.96282427  0.15228345
  -1.05105225  0.2316994  -1.24628537]
 [ 0.67623098 -0.86922442  0.34117259  0.36176773  0.355199   -0.54529
   0.89692158  0.02307587  1.35405749 -0.04585733 -0.07965139 -0.28845556
  -0.06378637  0.00759448  0.12732937]
 [ 0.28657608  0.0605951   0.76201238  0.03977206 -0.07243021  0.51358847
   0.18629969 -0.58159061 -0.04585733  1.41934196 -0.14295913 -0.98366708
   0.1999444   0.36036644  0.36025326]
 [-0.3982401  -0.59488698  0.3128066   0.75630158  0.73438291 -1.06352877
  -1.22766892 -0.96282427 -0.07965139 -0.14295913  1.71927444  0.9013922
   0.25787805  0.91492285  0.02806066]
 [-0.77829551 -1.01935913 -0.54056343 -0.36221593 -0.05992846 -1.21614905
  -0.54691779  0.15228345 -0.28845556 -0.98366708  0.9013922   3.64393867
  -0.23440465 -1.22964115  0.85757091]
 [ 0.48406453 -0.8774055  -1.50463792 -0.17192514 -0.59018741 -0.13348564
  -1.3728798  -1.05105225 -0.06378637  0.1999444   0.25787805 -0.23440465
   2.67906471  0.69493074 -0.0085881 ]
 [-0.44152579  0.07627134  0.35377514  0.90657797  0.47071479 -0.88660709
  -0.29716192  0.2316994   0.00759448  0.36036644  0.91492285 -1.22964115
   0.69493074  2.36290664 -0.5823541 ]
 [ 0.59681045  0.56484848  0.45462473 -1.00648925 -0.39357871 -0.44657805
   1.14047792 -1.24628537  0.12732937  0.36025326  0.02806066  0.85757091
  -0.0085881  -0.5823541   3.67485818]]
q vector recovered: [ 0.09519424  0.14978659  1.42834756 -0.32881614 -0.30000092 -2.80891282
 -2.51740591 -1.92086052 -0.80864715 -1.20781184  0.83539602 -3.09752667
 -1.92146688 -1.19154875  1.2446123 ]
Scalar c recovered: [12.22610654]
