Obj value returned by the solver: 522.3004435844365
Obj value computed with solution variables: [522.30044363]
Average LSE = 0.13057511089610913SolTime: 0.47887611389160156
Q matrix recovered: [[ 3.92312821  1.62388423 -1.37456     2.65256647  1.44636853  0.11641894
   0.1420364   0.82049274  0.58067924 -2.39264778 -1.59628369 -1.4779689
   2.10625237 -1.64748116  0.49134381]
 [ 1.62388423  7.49646595  0.47019929  2.30465349  1.97582695 -1.39408919
   0.76359527 -0.19921955  1.10231178 -2.0743107  -1.13963813  0.07553404
   0.09336877  0.31959578  1.16880897]
 [-1.37456     0.47019929  4.31920649 -0.919053   -1.33873586 -0.49891387
   2.141593   -0.13388716  1.4576451   1.27429518  2.01014575 -1.7292754
  -1.2147693  -0.47715106 -0.26984896]
 [ 2.65256647  2.30465349 -0.919053    5.95944431  1.25855365  0.41747554
   0.88496478 -0.30237959  2.76251338 -3.13500303 -1.02790152 -2.22682807
   1.71296787  0.43294142  0.52863617]
 [ 1.44636853  1.97582695 -1.33873586  1.25855365  3.7110238  -0.19330112
   1.48658104  0.59147433 -0.44746237 -0.70597607 -1.64638129 -0.06551925
   1.97276163  1.29072451  0.47469748]
 [ 0.11641894 -1.39408919 -0.49891387  0.41747554 -0.19330112  3.12604845
   1.45150846 -0.10205437  0.01150811 -0.6402527  -1.95910207  0.73567206
   2.04448789 -2.06940008  1.59885948]
 [ 0.1420364   0.76359527  2.141593    0.88496478  1.48658104  1.45150846
   6.98558629  1.78279458  1.03416178  0.4253848  -1.35933968 -1.26305246
   1.12559613 -0.81312554  3.57536207]
 [ 0.82049274 -0.19921955 -0.13388716 -0.30237959  0.59147433 -0.10205437
   1.78279458  4.88647902 -0.38541595 -0.53422703 -2.01026278 -1.64882912
   1.87733494  0.66945666  2.18782744]
 [ 0.58067924  1.10231178  1.4576451   2.76251338 -0.44746237  0.01150811
   1.03416178 -0.38541595  4.41055129 -1.29486788  0.04679993 -3.41766147
  -0.2662726   1.00358111 -1.15669338]
 [-2.39264778 -2.0743107   1.27429518 -3.13500303 -0.70597607 -0.6402527
   0.4253848  -0.53422703 -1.29486788  3.74741977  2.48722015  0.29663519
  -0.76154137  0.15601832 -0.63762807]
 [-1.59628369 -1.13963813  2.01014575 -1.02790152 -1.64638129 -1.95910207
  -1.35933968 -2.01026278  0.04679993  2.48722015  4.18877878 -0.79752275
  -2.34223318  0.5364868  -2.55983065]
 [-1.4779689   0.07553404 -1.7292754  -2.22682807 -0.06551925  0.73567206
  -1.26305246 -1.64882912 -3.41766147  0.29663519 -0.79752275  5.45200667
  -0.72586763 -0.52052852  0.96364912]
 [ 2.10625237  0.09336877 -1.2147693   1.71296787  1.97276163  2.04448789
   1.12559613  1.87733494 -0.2662726  -0.76154137 -2.34223318 -0.72586763
   6.35686932 -1.00588332  1.0369697 ]
 [-1.64748116  0.31959578 -0.47715106  0.43294142  1.29072451 -2.06940008
  -0.81312554  0.66945666  1.00358111  0.15601832  0.5364868  -0.52052852
  -1.00588332  5.55425418 -2.64775043]
 [ 0.49134381  1.16880897 -0.26984896  0.52863617  0.47469748  1.59885948
   3.57536207  2.18782744 -1.15669338 -0.63762807 -2.55983065  0.96364912
   1.0369697  -2.64775043  6.16398402]]
q vector recovered: [ 0.00800185 -1.13101568 -1.01926992 -0.15116629 -0.49419058  0.20229242
 -1.92093086 -0.31348968  0.8219922  -0.41738185 -0.29667089 -0.79574604
 -0.74628803  0.28241375 -1.08171063]
Scalar c recovered: [0.92519581]
