Obj value returned by the solver: 382.2164589178038
Obj value computed with solution variables: [382.21645892]
Average LSE = 0.09555411472945094SolTime: 0.34285807609558105
Q matrix recovered: [[ 5.23772713e+00 -9.80851450e-01  2.03826723e-01  2.71750019e+00
   1.82577165e-01 -5.62209317e-01  6.94809196e-01  7.50206083e-02
  -1.45022460e+00 -5.99400919e-01 -1.35440479e+00  9.47946998e-01
  -2.99279353e+00]
 [-9.80851450e-01  4.91587309e+00  8.80563024e-02 -3.82072340e-01
  -7.02090240e-02  6.22989946e-02  2.01490878e+00 -1.16441185e+00
   2.36384789e-01  8.19688519e-01  1.15170932e+00 -8.03117073e-01
  -1.02042335e+00]
 [ 2.03826723e-01  8.80563024e-02  5.55765807e+00  2.15516345e+00
   1.43932677e+00  1.23672779e+00  1.11862255e+00 -1.03440940e+00
  -3.27968371e-01 -3.71988345e-01 -1.05584550e+00  2.44002292e+00
  -1.52087220e+00]
 [ 2.71750019e+00 -3.82072340e-01  2.15516345e+00  4.97611722e+00
   1.91449851e+00 -5.42993682e-01 -2.98485312e-01 -1.30458055e+00
  -5.38372054e-01  4.23625032e-02  2.74259349e-01  5.14050302e-01
  -1.84840065e+00]
 [ 1.82577165e-01 -7.02090240e-02  1.43932677e+00  1.91449851e+00
   5.11203883e+00 -1.45736431e+00 -6.95222585e-02  2.31810963e-03
  -2.26025976e+00  2.31329123e+00 -9.52973990e-01  4.03019106e-01
  -7.10954321e-01]
 [-5.62209317e-01  6.22989946e-02  1.23672779e+00 -5.42993682e-01
  -1.45736431e+00  5.21505134e+00  1.67481866e-01 -2.01779067e+00
   1.95609814e+00 -1.62348784e+00  1.33779703e+00  2.05181462e+00
  -4.36005362e-02]
 [ 6.94809196e-01  2.01490878e+00  1.11862255e+00 -2.98485312e-01
  -6.95222585e-02  1.67481866e-01  3.41530598e+00 -8.63069338e-01
  -2.97933509e-01  7.22569484e-01  2.34510406e-01  9.34444196e-01
  -4.78008727e-01]
 [ 7.50206083e-02 -1.16441185e+00 -1.03440940e+00 -1.30458055e+00
   2.31810963e-03 -2.01779067e+00 -8.63069338e-01  4.61547542e+00
  -2.80806199e+00  2.44372338e-01 -1.85548908e+00 -1.23428745e+00
   1.60879922e+00]
 [-1.45022460e+00  2.36384789e-01 -3.27968371e-01 -5.38372054e-01
  -2.26025976e+00  1.95609814e+00 -2.97933509e-01 -2.80806199e+00
   3.78303459e+00 -1.25097512e+00  1.72115900e+00 -1.37841851e-01
  -5.75269810e-01]
 [-5.99400919e-01  8.19688519e-01 -3.71988345e-01  4.23625032e-02
   2.31329123e+00 -1.62348784e+00  7.22569484e-01  2.44372338e-01
  -1.25097512e+00  3.32331337e+00 -7.14529917e-01 -1.22352087e-01
   8.61285738e-01]
 [-1.35440479e+00  1.15170932e+00 -1.05584550e+00  2.74259349e-01
  -9.52973990e-01  1.33779703e+00  2.34510406e-01 -1.85548908e+00
   1.72115900e+00 -7.14529917e-01  3.96788506e+00 -6.24079666e-01
   1.33933446e+00]
 [ 9.47946998e-01 -8.03117073e-01  2.44002292e+00  5.14050302e-01
   4.03019106e-01  2.05181462e+00  9.34444196e-01 -1.23428745e+00
  -1.37841851e-01 -1.22352087e-01 -6.24079666e-01  4.65522122e+00
   5.49908732e-01]
 [-2.99279353e+00 -1.02042335e+00 -1.52087220e+00 -1.84840065e+00
  -7.10954321e-01 -4.36005362e-02 -4.78008727e-01  1.60879922e+00
  -5.75269810e-01  8.61285738e-01  1.33933446e+00  5.49908732e-01
   5.87803299e+00]]
q vector recovered: [-1.00872222 -1.56492726  0.56441987 -0.19321741  0.96630682 -0.44425369
  0.38732988 -1.00717279  0.53757248  0.77835747 -0.26943247 -0.33149244
  0.38512054]
Scalar c recovered: [1.16963346]
