Finished before time limit.
Obj: 397.59077652153155
Average LSE: 0.0993976941303829
SolTime: 0.8731725215911865

Q matrix recovered: [[ 4.76337372  0.96172959  1.79146367 -0.48254151  0.78663017  1.80292026
   1.16246396 -0.32649135 -1.51277436  0.8186876 ]
 [ 0.96172959  5.24996348  0.25261595 -0.20140287 -0.2788677  -1.28839328
  -0.53560479  2.11333826  0.98777371  1.14055753]
 [ 1.79146367  0.25261595  3.23592791  0.37604007  0.70346858  0.58229983
  -0.68130198  0.81231285 -1.51928265  0.75873903]
 [-0.48254151 -0.20140287  0.37604007  2.53829851  1.24875407  0.24111621
  -1.14017795  1.55122994 -0.35002287 -0.92457664]
 [ 0.78663017 -0.2788677   0.70346858  1.24875407  1.83461069  0.97979944
  -0.43580184  0.23310245  0.16053779 -0.44594351]
 [ 1.80292026 -1.28839328  0.58229983  0.24111621  0.97979944  2.98543489
   0.48121826 -0.76397784 -0.97526099  0.70639151]
 [ 1.16246396 -0.53560479 -0.68130198 -1.14017795 -0.43580184  0.48121826
   2.84249662 -1.06206857 -1.11053626  0.19757988]
 [-0.32649135  2.11333826  0.81231285  1.55122994  0.23310245 -0.76397784
  -1.06206857  2.91751848 -0.39165258 -0.01442547]
 [-1.51277436  0.98777371 -1.51928265 -0.35002287  0.16053779 -0.97526099
  -1.11053626 -0.39165258  3.20720493 -0.46494621]
 [ 0.8186876   1.14055753  0.75873903 -0.92457664 -0.44594351  0.70639151
   0.19757988 -0.01442547 -0.46494621  2.23570248]]
q vector recovered: [-1.61358818 -0.9228084  -0.4783833   0.64168469  0.83070246 -0.30332726
 -1.30216961  0.11936473  0.38252743  0.33328407]
Scalar c recovered: [0.59848257]
