Finished before TL = TrueObj value returned by the CP solver: 397.5907584147168
Average LSE = 0.0993976896036792SolTime: 8.624149084091187
It. number: 17
Q matrix recovered: [ 4.7634078   0.9617386   1.79148318 -0.48250613  0.78663374  1.80290632
  1.16247755 -0.32650857 -1.51276697  0.81869671  0.9617386   5.2499899
  0.25263582 -0.20137212 -0.27886614 -1.28840372 -0.53558949  2.11332336
  0.98778405  1.14056119  1.79148318  0.25263582  3.23595511  0.37606882
  0.70348567  0.582314   -0.68129859  0.8123212  -1.51926876  0.75875729
 -0.48250613 -0.20137212  0.37606882  2.53850215  1.24879208  0.24113617
 -1.14016869  1.55124085 -0.34999461 -0.92453459  0.78663374 -0.27886614
  0.70348567  1.24879208  1.83461638  0.97977858 -0.4357784   0.23308116
  0.16053681 -0.44594151  1.80290632 -1.28840372  0.582314    0.24113617
  0.97977858  2.9853328   0.48124502 -0.764031   -0.97526984  0.7063676
  1.16247755 -0.53558949 -0.68129859 -1.14016869 -0.4357784   0.48124502
  2.84246392 -1.06204287 -1.11052728  0.1976022  -0.32650857  2.11332336
  0.8123212   1.55124085  0.23308116 -0.764031   -1.06204287  2.91737726
 -0.3916603  -0.01445679 -1.51276697  0.98778405 -1.51926876 -0.34999461
  0.16053681 -0.97526984 -1.11052728 -0.3916603   3.2072259  -0.4649403
  0.81869671  1.14056119  0.75875729 -0.92453459 -0.44594151  0.7063676
  0.1976022  -0.01445679 -0.4649403   2.23570863]
q vector recovered: [-1.61363798 -0.92285496 -0.47847208  0.64145384  0.83067812 -0.30323612
 -1.30223048  0.1194907   0.38248652  0.33325629]
Scalar c recovered: [0.59857]
