Obj value returned by the solver: 743.8121106802927
Obj value computed with solution variables: [743.81211264]
Average LSE = 0.18595302767007316SolTime: 0.38662004470825195
Q matrix recovered: [[ 2.69765598  1.20547907  1.0261815   0.88391281  0.64597812 -0.02770814
   0.11195421 -1.23621424  0.56560829  0.20225817]
 [ 1.20547907  1.14870413 -0.69941354  0.05872379  0.15838538  0.41865351
  -0.54835877 -0.41667873 -0.37991438  0.44800579]
 [ 1.0261815  -0.69941354  1.80786087  0.66425651  0.91895682 -0.06553647
   0.19501118 -0.52121387  0.34596657 -0.18266786]
 [ 0.88391281  0.05872379  0.66425651  0.54518637  0.07526949  0.40590458
  -0.05460588 -0.09316844 -0.07835768  0.28727318]
 [ 0.64597812  0.15838538  0.91895682  0.07526949  0.53150691  0.21333803
  -0.3962658  -0.37953364 -0.26372207  0.04679073]
 [-0.02770814  0.41865351 -0.06553647  0.40590458  0.21333803  1.18432231
  -0.92788485 -0.25848865 -0.63022183  0.41614569]
 [ 0.11195421 -0.54835877  0.19501118 -0.05460588 -0.3962658  -0.92788485
   0.65165705 -0.11311814  0.98782967 -0.40536712]
 [-1.23621424 -0.41667873 -0.52121387 -0.09316844 -0.37953364 -0.25848865
  -0.11311814  1.09680239 -1.02511412  0.44567118]
 [ 0.56560829 -0.37991438  0.34596657 -0.07835768 -0.26372207 -0.63022183
   0.98782967 -1.02511412  1.35128059 -0.79839877]
 [ 0.20225817  0.44800579 -0.18266786  0.28727318  0.04679073  0.41614569
  -0.40536712  0.44567118 -0.79839877  0.34835946]]
q vector recovered: [ 0.10508086  0.16882944 -1.83787139 -2.35559584 -0.40909606 -2.59754414
 -2.59839528 -1.38290684  0.8179089  -1.29668724]
Scalar c recovered: [10.31631629]
