Obj value returned by the solver: 412.30717519123147
Obj: 412.30717519123147
Obj value computed with solution variables: 24
SolTime: 0.3961300849914551
Q matrix recovered: [[2.24388168 1.0942061  0.99753265 1.1984787  1.53134311 0.42462078
  1.27364996 1.70622505 0.62435525 1.26464056]
 [1.0942061  1.04540058 0.8612178  1.05433986 1.54410028 0.76786424
  0.52619354 0.80492891 0.83339394 0.6223914 ]
 [0.99753265 0.8612178  1.50534277 0.77939285 0.88869287 1.69888869
  1.32479112 1.29122188 1.00656432 1.42237583]
 [1.1984787  1.05433986 0.77939285 2.14608816 1.23253601 1.12577794
  0.5287919  1.46411084 1.37233487 1.20841419]
 [1.53134311 1.54410028 0.88869287 1.23253601 1.68680818 0.94016693
  0.93111932 1.28093188 1.02510474 0.41531558]
 [0.42462078 0.76786424 1.69888869 1.12577794 0.94016693 1.84161224
  0.98750692 1.43509114 1.0684029  1.06574589]
 [1.27364996 0.52619354 1.32479112 0.5287919  0.93111932 0.98750692
  2.3424343  1.55217541 1.71675541 0.76574968]
 [1.70622505 0.80492891 1.29122188 1.46411084 1.28093188 1.43509114
  1.55217541 2.13701031 0.87518854 1.43166001]
 [0.62435525 0.83339394 1.00656432 1.37233487 1.02510474 1.0684029
  1.71675541 0.87518854 1.69419312 0.53835457]
 [1.26464056 0.6223914  1.42237583 1.20841419 0.41531558 1.06574589
  0.76574968 1.43166001 0.53835457 1.674101  ]]
q vector recovered: [0.74046149 2.63890823 2.67550131 3.4218759  0.18891726 2.2875944
 0.64187935 0.0813981  0.75111363 1.46302772]
Scalar c recovered: [1.73713609]
