Obj: [382.17737716]
Average LSE = [0.09554434]SolTime: 3854.6826474666595
Q matrix recovered: [[ 5.21603639e+00 -9.83859768e-01  1.99051353e-01  2.72380136e+00
   1.78958458e-01 -5.60451789e-01  6.99447673e-01  7.47578829e-02
  -1.45670814e+00 -5.98570748e-01 -1.35439019e+00  9.51766774e-01
  -2.99832992e+00]
 [-9.83859768e-01  4.91250904e+00  8.69311065e-02 -3.79426990e-01
  -7.09904189e-02  6.30694243e-02  2.01685984e+00 -1.16408273e+00
   2.34605985e-01  8.19854187e-01  1.15145892e+00 -8.02084288e-01
  -1.02208502e+00]
 [ 1.99051353e-01  8.69311065e-02  5.54891508e+00  2.15761712e+00
   1.43662983e+00  1.23653599e+00  1.12059673e+00 -1.03382582e+00
  -3.31023675e-01 -3.72553117e-01 -1.05577742e+00  2.44116966e+00
  -1.52367107e+00]
 [ 2.72380136e+00 -3.79426990e-01  2.15761712e+00  4.96643463e+00
   1.91786617e+00 -5.43900948e-01 -3.01305772e-01 -1.30426623e+00
  -5.33494262e-01  4.19760662e-02  2.74520282e-01  5.12236947e-01
  -1.84443317e+00]
 [ 1.78958458e-01 -7.09904189e-02  1.43662983e+00  1.91786617e+00
   5.10761281e+00 -1.45675219e+00 -6.72375186e-02  2.27668330e-03
  -2.26267072e+00  2.31334120e+00 -9.53424487e-01  4.04408736e-01
  -7.12836819e-01]
 [-5.60451789e-01  6.30694243e-02  1.23653599e+00 -5.43900948e-01
  -1.45675219e+00  5.21434578e+00  1.66967707e-01 -2.01757618e+00
   1.95628523e+00 -1.62354054e+00  1.33754363e+00  2.05117462e+00
  -4.31179341e-02]
 [ 6.99447673e-01  2.01685984e+00  1.12059673e+00 -3.01305772e-01
  -6.72375186e-02  1.66967707e-01  3.41127929e+00 -8.63135026e-01
  -2.94566117e-01  7.22819157e-01  2.34519211e-01  9.33673631e-01
  -4.74826594e-01]
 [ 7.47578829e-02 -1.16408273e+00 -1.03382582e+00 -1.30426623e+00
   2.27668330e-03 -2.01757618e+00 -8.63135026e-01  4.61397756e+00
  -2.80768776e+00  2.44554319e-01 -1.85506900e+00 -1.23358715e+00
   1.60893672e+00]
 [-1.45670814e+00  2.34605985e-01 -3.31023675e-01 -5.33494262e-01
  -2.26267072e+00  1.95628523e+00 -2.94566117e-01 -2.80768776e+00
   3.77209823e+00 -1.25109457e+00  1.72179807e+00 -1.35190449e-01
  -5.79251771e-01]
 [-5.98570748e-01  8.19854187e-01 -3.72553117e-01  4.19760662e-02
   2.31334120e+00 -1.62354054e+00  7.22819157e-01  2.44554319e-01
  -1.25109457e+00  3.32263250e+00 -7.15383384e-01 -1.22650356e-01
   8.61599693e-01]
 [-1.35439019e+00  1.15145892e+00 -1.05577742e+00  2.74520282e-01
  -9.53424487e-01  1.33754363e+00  2.34519211e-01 -1.85506900e+00
   1.72179807e+00 -7.15383384e-01  3.96754626e+00 -6.23826573e-01
   1.33999530e+00]
 [ 9.51766774e-01 -8.02084288e-01  2.44116966e+00  5.12236947e-01
   4.04408736e-01  2.05117462e+00  9.33673631e-01 -1.23358715e+00
  -1.35190449e-01 -1.22650356e-01 -6.23826573e-01  4.65103196e+00
   5.52266966e-01]
 [-2.99832992e+00 -1.02208502e+00 -1.52367107e+00 -1.84443317e+00
  -7.12836819e-01 -4.31179341e-02 -4.74826594e-01  1.60893672e+00
  -5.79251771e-01  8.61599693e-01  1.33999530e+00  5.52266966e-01
   5.86977315e+00]]
q vector recovered: [-0.99480822 -1.5625293   0.57332125 -0.19753323  0.97057562 -0.44450349
  0.38262873 -1.00775811  0.54568082  0.7787293  -0.26935128 -0.33423364
  0.39150656]
Scalar c recovered: [1.16504045]
