Finished before TL = TrueObj value returned by the CP solver: 382.16707238492745
Average LSE = 0.09554176809623187SolTime: 18010.110498666763
It. number: 15
Q matrix recovered: [ 5.19590174e+00 -9.86817707e-01  1.94679489e-01  2.72795152e+00
  1.75530437e-01 -5.59738476e-01  7.02324161e-01  7.39288012e-02
 -1.46315922e+00 -5.99481990e-01 -1.35527303e+00  9.53217185e-01
 -3.00339528e+00 -9.86817707e-01  4.90938986e+00  8.54372295e-02
 -3.77741328e-01 -7.20453951e-02  6.31290835e-02  2.01786289e+00
 -1.16390341e+00  2.32679849e-01  8.19240066e-01  1.15087151e+00
 -8.01832629e-01 -1.02394047e+00  1.94679489e-01  8.54372295e-02
  5.54391655e+00  2.15907532e+00  1.43504741e+00  1.23649647e+00
  1.12205274e+00 -1.03391765e+00 -3.33903326e-01 -3.73221467e-01
 -1.05635189e+00  2.44082239e+00 -1.52558510e+00  2.72795152e+00
 -3.77741328e-01  2.15907532e+00  4.96160147e+00  1.92014841e+00
 -5.44351973e-01 -3.03060784e-01 -1.30350515e+00 -5.29751403e-01
  4.22236681e-02  2.74766502e-01  5.11489358e-01 -1.84180853e+00
  1.75530437e-01 -7.20453951e-02  1.43504741e+00  1.92014841e+00
  5.10466273e+00 -1.45621531e+00 -6.58684142e-02  1.63200820e-03
 -2.26502911e+00  2.31294770e+00 -9.54370963e-01  4.04446645e-01
 -7.14253376e-01 -5.59738476e-01  6.31290835e-02  1.23649647e+00
 -5.44351973e-01 -1.45621531e+00  5.21450488e+00  1.66681736e-01
 -2.01753819e+00  1.95629623e+00 -1.62353242e+00  1.33711728e+00
  2.05050185e+00 -4.28514615e-02  7.02324161e-01  2.01786289e+00
  1.12205274e+00 -3.03060784e-01 -6.58684142e-02  1.66681736e-01
  3.40850397e+00 -8.62636849e-01 -2.91940778e-01  7.23475134e-01
  2.34188558e-01  9.33405345e-01 -4.72768936e-01  7.39288012e-02
 -1.16390341e+00 -1.03391765e+00 -1.30350515e+00  1.63200820e-03
 -2.01753819e+00 -8.62636849e-01  4.61151136e+00 -2.80844297e+00
  2.44431095e-01 -1.85451836e+00 -1.23258456e+00  1.60854353e+00
 -1.46315922e+00  2.32679849e-01 -3.33903326e-01 -5.29751403e-01
 -2.26502911e+00  1.95629623e+00 -2.91940778e-01 -2.80844297e+00
  3.75943444e+00 -1.25180143e+00  1.72171340e+00 -1.34066933e-01
 -5.82866362e-01 -5.99481990e-01  8.19240066e-01 -3.73221467e-01
  4.22236681e-02  2.31294770e+00 -1.62353242e+00  7.23475134e-01
  2.44431095e-01 -1.25180143e+00  3.32214865e+00 -7.16563228e-01
 -1.23128553e-01  8.61262663e-01 -1.35527303e+00  1.15087151e+00
 -1.05635189e+00  2.74766502e-01 -9.54370963e-01  1.33711728e+00
  2.34188558e-01 -1.85451836e+00  1.72171340e+00 -7.16563228e-01
  3.96606786e+00 -6.23994974e-01  1.33980122e+00  9.53217185e-01
 -8.01832629e-01  2.44082239e+00  5.11489358e-01  4.04446645e-01
  2.05050185e+00  9.33405345e-01 -1.23258456e+00 -1.34066933e-01
 -1.23128553e-01 -6.23994974e-01  4.64924211e+00  5.52733317e-01
 -3.00339528e+00 -1.02394047e+00 -1.52558510e+00 -1.84180853e+00
 -7.14253376e-01 -4.28514615e-02 -4.72768936e-01  1.60854353e+00
 -5.82866362e-01  8.61262663e-01  1.33980122e+00  5.52733317e-01
  5.86374562e+00]
q vector recovered: [-0.97690359 -1.55734118  0.58128311 -0.20224632  0.97586068 -0.44439965
  0.37924616 -1.0065947   0.55753465  0.78106681 -0.26615313 -0.33394449
  0.39909044]
Scalar c recovered: [1.15396649]
