Finished before time limit.
Obj: 382.2164588812863
Average LSE: 0.09555411472032158
SolTime: 1.1414604187011719

Q matrix recovered: [[ 5.23772716e+00 -9.80851472e-01  2.03826685e-01  2.71750019e+00
   1.82577177e-01 -5.62209295e-01  6.94809181e-01  7.50206500e-02
  -1.45022461e+00 -5.99400905e-01 -1.35440476e+00  9.47947012e-01
  -2.99279357e+00]
 [-9.80851472e-01  4.91587322e+00  8.80562930e-02 -3.82072370e-01
  -7.02090815e-02  6.22989737e-02  2.01490878e+00 -1.16441183e+00
   2.36384786e-01  8.19688508e-01  1.15170929e+00 -8.03117071e-01
  -1.02042342e+00]
 [ 2.03826685e-01  8.80562930e-02  5.55765786e+00  2.15516346e+00
   1.43932677e+00  1.23672779e+00  1.11862242e+00 -1.03440930e+00
  -3.27968364e-01 -3.71988455e-01 -1.05584546e+00  2.44002290e+00
  -1.52087221e+00]
 [ 2.71750019e+00 -3.82072370e-01  2.15516346e+00  4.97611746e+00
   1.91449856e+00 -5.42993639e-01 -2.98485335e-01 -1.30458060e+00
  -5.38372083e-01  4.23624878e-02  2.74259408e-01  5.14050313e-01
  -1.84840053e+00]
 [ 1.82577177e-01 -7.02090815e-02  1.43932677e+00  1.91449856e+00
   5.11203909e+00 -1.45736424e+00 -6.95222585e-02  2.31808854e-03
  -2.26025979e+00  2.31329126e+00 -9.52973889e-01  4.03019141e-01
  -7.10954238e-01]
 [-5.62209295e-01  6.22989737e-02  1.23672779e+00 -5.42993639e-01
  -1.45736424e+00  5.21505158e+00  1.67481845e-01 -2.01779069e+00
   1.95609813e+00 -1.62348785e+00  1.33779710e+00  2.05181463e+00
  -4.36004314e-02]
 [ 6.94809181e-01  2.01490878e+00  1.11862242e+00 -2.98485335e-01
  -6.95222585e-02  1.67481845e-01  3.41530575e+00 -8.63069264e-01
  -2.97933525e-01  7.22569360e-01  2.34510439e-01  9.34444184e-01
  -4.78008696e-01]
 [ 7.50206500e-02 -1.16441183e+00 -1.03440930e+00 -1.30458060e+00
   2.31808854e-03 -2.01779069e+00 -8.63069264e-01  4.61547542e+00
  -2.80806198e+00  2.44372403e-01 -1.85548913e+00 -1.23428745e+00
   1.60879917e+00]
 [-1.45022461e+00  2.36384786e-01 -3.27968364e-01 -5.38372083e-01
  -2.26025979e+00  1.95609813e+00 -2.97933525e-01 -2.80806198e+00
   3.78303465e+00 -1.25097511e+00  1.72115900e+00 -1.37841843e-01
  -5.75269880e-01]
 [-5.99400905e-01  8.19688508e-01 -3.71988455e-01  4.23624878e-02
   2.31329126e+00 -1.62348785e+00  7.22569360e-01  2.44372403e-01
  -1.25097511e+00  3.32331322e+00 -7.14529882e-01 -1.22352101e-01
   8.61285787e-01]
 [-1.35440476e+00  1.15170929e+00 -1.05584546e+00  2.74259408e-01
  -9.52973889e-01  1.33779710e+00  2.34510439e-01 -1.85548913e+00
   1.72115900e+00 -7.14529882e-01  3.96788535e+00 -6.24079664e-01
   1.33933460e+00]
 [ 9.47947012e-01 -8.03117071e-01  2.44002290e+00  5.14050313e-01
   4.03019141e-01  2.05181463e+00  9.34444184e-01 -1.23428745e+00
  -1.37841843e-01 -1.22352101e-01 -6.24079664e-01  4.65522131e+00
   5.49908782e-01]
 [-2.99279357e+00 -1.02042342e+00 -1.52087221e+00 -1.84840053e+00
  -7.10954238e-01 -4.36004314e-02 -4.78008696e-01  1.60879917e+00
  -5.75269880e-01  8.61285787e-01  1.33933460e+00  5.49908782e-01
   5.87803331e+00]]
q vector recovered: [-1.00872224 -1.56492721  0.56442007 -0.19321761  0.96630655 -0.44425393
  0.38733012 -1.00717287  0.53757251  0.77835761 -0.26943284 -0.33149252
  0.38512021]
Scalar c recovered: [1.16963363]
