Finished before time limit.
Obj: [382.17749874]
Average LSE: [0.09554437]
SolTime: 3710.2745048999786
It. number: 20

Q matrix recovered: [[ 5.21610978e+00 -9.83893526e-01  1.99124477e-01  2.72386591e+00
   1.79028491e-01 -5.60378681e-01  6.99562339e-01  7.46575353e-02
  -1.45672994e+00 -5.98504292e-01 -1.35436921e+00  9.51797054e-01
  -2.99829623e+00]
 [-9.83893526e-01  4.91265710e+00  8.67947360e-02 -3.79486314e-01
  -7.10783010e-02  6.30044969e-02  2.01674295e+00 -1.16392912e+00
   2.34646048e-01  8.19708645e-01  1.15134678e+00 -8.02113599e-01
  -1.02218991e+00]
 [ 1.99124477e-01  8.67947360e-02  5.54897807e+00  2.15757099e+00
   1.43663645e+00  1.23649660e+00  1.12067256e+00 -1.03392781e+00
  -3.31099613e-01 -3.72497528e-01 -1.05572927e+00  2.44119682e+00
  -1.52375355e+00]
 [ 2.72386591e+00 -3.79486314e-01  2.15757099e+00  4.96603076e+00
   1.91783656e+00 -5.44060640e-01 -3.01376379e-01 -1.30417585e+00
  -5.33439761e-01  4.19475629e-02  2.74509866e-01  5.12207482e-01
  -1.84452760e+00]
 [ 1.79028491e-01 -7.10783010e-02  1.43663645e+00  1.91783656e+00
   5.10762768e+00 -1.45680383e+00 -6.71797240e-02  2.28424574e-03
  -2.26265107e+00  2.31334384e+00 -9.53414246e-01  4.04413747e-01
  -7.12892130e-01]
 [-5.60378681e-01  6.30044969e-02  1.23649660e+00 -5.44060640e-01
  -1.45680383e+00  5.21394572e+00  1.66902113e-01 -2.01749840e+00
   1.95630369e+00 -1.62357368e+00  1.33752580e+00  2.05113640e+00
  -4.32159595e-02]
 [ 6.99562339e-01  2.01674295e+00  1.12067256e+00 -3.01376379e-01
  -6.71797240e-02  1.66902113e-01  3.41139995e+00 -8.63162321e-01
  -2.94518554e-01  7.22891045e-01  2.34568959e-01  9.33682319e-01
  -4.74809413e-01]
 [ 7.46575353e-02 -1.16392912e+00 -1.03392781e+00 -1.30417585e+00
   2.28424574e-03 -2.01749840e+00 -8.63162321e-01  4.61413137e+00
  -2.80761973e+00  2.44456496e-01 -1.85515777e+00 -1.23358524e+00
   1.60897802e+00]
 [-1.45672994e+00  2.34646048e-01 -3.31099613e-01 -5.33439761e-01
  -2.26265107e+00  1.95630369e+00 -2.94518554e-01 -2.80761973e+00
   3.77224480e+00 -1.25116763e+00  1.72173330e+00 -1.35154119e-01
  -5.79261556e-01]
 [-5.98504292e-01  8.19708645e-01 -3.72497528e-01  4.19475629e-02
   2.31334384e+00 -1.62357368e+00  7.22891045e-01  2.44456496e-01
  -1.25116763e+00  3.32274441e+00 -7.15311742e-01 -1.22639063e-01
   8.61563497e-01]
 [-1.35436921e+00  1.15134678e+00 -1.05572927e+00  2.74509866e-01
  -9.53414246e-01  1.33752580e+00  2.34568959e-01 -1.85515777e+00
   1.72173330e+00 -7.15311742e-01  3.96754255e+00 -6.23822691e-01
   1.33997721e+00]
 [ 9.51797054e-01 -8.02113599e-01  2.44119682e+00  5.12207482e-01
   4.04413747e-01  2.05113640e+00  9.33682319e-01 -1.23358524e+00
  -1.35154119e-01 -1.22639063e-01 -6.23822691e-01  4.65093069e+00
   5.52268686e-01]
 [-2.99829623e+00 -1.02218991e+00 -1.52375355e+00 -1.84452760e+00
  -7.12892130e-01 -4.32159595e-02 -4.74809413e-01  1.60897802e+00
  -5.79261556e-01  8.61563497e-01  1.33997721e+00  5.52268686e-01
   5.86934317e+00]]
q vector recovered: [-0.99507051 -1.56223782  0.57337772 -0.19715804  0.97059584 -0.44409854
  0.38248045 -1.00783678  0.54558509  0.77873441 -0.26931408 -0.33419155
  0.39192664]
Scalar c recovered: [1.16480002]
