Finished before time limit.
Obj: [382.16740406]
Average LSE: [0.09554185]
SolTime: 2734.2850251197815
It. number: 15
Percent. inner: 0.9860069674714681

Q matrix recovered: [[ 5.19761861e+00 -9.86622460e-01  1.95160352e-01  2.72767256e+00
   1.76051726e-01 -5.59667899e-01  7.02176105e-01  7.40311878e-02
  -1.46247628e+00 -5.99252496e-01 -1.35508335e+00  9.53095189e-01
  -3.00284487e+00]
 [-9.86622460e-01  4.90972242e+00  8.55500909e-02 -3.77820772e-01
  -7.19624387e-02  6.30535771e-02  2.01783270e+00 -1.16386254e+00
   2.32952079e-01  8.19302020e-01  1.15086457e+00 -8.01798654e-01
  -1.02377986e+00]
 [ 1.95160352e-01  8.55500909e-02  5.54419448e+00  2.15881652e+00
   1.43522923e+00  1.23667007e+00  1.12185000e+00 -1.03375742e+00
  -3.33722542e-01 -3.73228481e-01 -1.05607109e+00  2.44078490e+00
  -1.52553760e+00]
 [ 2.72767256e+00 -3.77820772e-01  2.15881652e+00  4.96167776e+00
   1.91979620e+00 -5.44320673e-01 -3.03042179e-01 -1.30351477e+00
  -5.30288218e-01  4.20574766e-02  2.74829407e-01  5.11522970e-01
  -1.84219282e+00]
 [ 1.76051726e-01 -7.19624387e-02  1.43522923e+00  1.91979620e+00
   5.10528509e+00 -1.45613007e+00 -6.60008437e-02  1.80374957e-03
  -2.26478935e+00  2.31299350e+00 -9.54047729e-01  4.04391581e-01
  -7.14079084e-01]
 [-5.59667899e-01  6.30535771e-02  1.23667007e+00 -5.44320673e-01
  -1.45613007e+00  5.21504518e+00  1.66848909e-01 -2.01771667e+00
   1.95610391e+00 -1.62338591e+00  1.33742330e+00  2.05056127e+00
  -4.27376966e-02]
 [ 7.02176105e-01  2.01783270e+00  1.12185000e+00 -3.03042179e-01
  -6.60008437e-02  1.66848909e-01  3.40863588e+00 -8.62658993e-01
  -2.92427881e-01  7.23340551e-01  2.34452776e-01  9.33352745e-01
  -4.73017470e-01]
 [ 7.40311878e-02 -1.16386254e+00 -1.03375742e+00 -1.30351477e+00
   1.80374957e-03 -2.01771667e+00 -8.62658993e-01  4.61184727e+00
  -2.80798506e+00  2.44531463e-01 -1.85474189e+00 -1.23262180e+00
   1.60872197e+00]
 [-1.46247628e+00  2.32952079e-01 -3.33722542e-01 -5.30288218e-01
  -2.26478935e+00  1.95610391e+00 -2.92427881e-01 -2.80798506e+00
   3.76171438e+00 -1.25190542e+00  1.72161103e+00 -1.34212999e-01
  -5.82604562e-01]
 [-5.99252496e-01  8.19302020e-01 -3.73228481e-01  4.20574766e-02
   2.31299350e+00 -1.62338591e+00  7.23340551e-01  2.44531463e-01
  -1.25190542e+00  3.32206163e+00 -7.16215270e-01 -1.23136306e-01
   8.61227575e-01]
 [-1.35508335e+00  1.15086457e+00 -1.05607109e+00  2.74829407e-01
  -9.54047729e-01  1.33742330e+00  2.34452776e-01 -1.85474189e+00
   1.72161103e+00 -7.16215270e-01  3.96686958e+00 -6.23960896e-01
   1.34004492e+00]
 [ 9.53095189e-01 -8.01798654e-01  2.44078490e+00  5.11522970e-01
   4.04391581e-01  2.05056127e+00  9.33352745e-01 -1.23262180e+00
  -1.34212999e-01 -1.23136306e-01 -6.23960896e-01  4.64940989e+00
   5.52630937e-01]
 [-3.00284487e+00 -1.02377986e+00 -1.52553760e+00 -1.84219282e+00
  -7.14079084e-01 -4.27376966e-02 -4.73017470e-01  1.60872197e+00
  -5.82604562e-01  8.61227575e-01  1.34004492e+00  5.52630937e-01
   5.86412136e+00]]
q vector recovered: [-0.97902727 -1.55788134  0.58061442 -0.20128228  0.97490217 -0.44507167
  0.37968028 -1.00715032  0.55619445  0.78090142 -0.26748808 -0.33383089
  0.39846805]
Scalar c recovered: [1.1555055]
