Finished before time limit.
Obj: 382.1672621964282
Average LSE: 0.09554181554910705
SolTime: 6193.326399087906
It. number: 17

Q matrix recovered: [ 5.19584362e+00 -9.86842910e-01  1.94623616e-01  2.72793236e+00
  1.75557748e-01 -5.59720239e-01  7.02288609e-01  7.39599058e-02
 -1.46317336e+00 -5.99493488e-01 -1.35523867e+00  9.53229289e-01
 -3.00344616e+00 -9.86842910e-01  4.90943892e+00  8.54101799e-02
 -3.77684088e-01 -7.21141562e-02  6.30860455e-02  2.01789798e+00
 -1.16391572e+00  2.32683605e-01  8.19270356e-01  1.15082436e+00
 -8.01867949e-01 -1.02389097e+00  1.94623616e-01  8.54101799e-02
  5.54381823e+00  2.15888813e+00  1.43521072e+00  1.23663626e+00
  1.12202233e+00 -1.03386602e+00 -3.34006417e-01 -3.73235429e-01
 -1.05619007e+00  2.44091472e+00 -1.52581083e+00  2.72793236e+00
 -3.77684088e-01  2.15888813e+00  4.96106755e+00  1.92015945e+00
 -5.44399283e-01 -3.03232525e-01 -1.30332254e+00 -5.29778997e-01
  4.20540886e-02  2.74771087e-01  5.11557457e-01 -1.84212757e+00
  1.75557748e-01 -7.21141562e-02  1.43521072e+00  1.92015945e+00
  5.10552311e+00 -1.45597079e+00 -6.56579667e-02  1.45756414e-03
 -2.26513889e+00  2.31310457e+00 -9.54112575e-01  4.04595034e-01
 -7.14210174e-01 -5.59720239e-01  6.30860455e-02  1.23663626e+00
 -5.44399283e-01 -1.45597079e+00  5.21490341e+00  1.66829136e-01
 -2.01764379e+00  1.95617884e+00 -1.62339548e+00  1.33733926e+00
  2.05063082e+00 -4.28537436e-02  7.02288609e-01  2.01789798e+00
  1.12202233e+00 -3.03232525e-01 -6.56579667e-02  1.66829136e-01
  3.40849258e+00 -8.62599358e-01 -2.92042041e-01  7.23458628e-01
  2.34357165e-01  9.33522894e-01 -4.72950353e-01  7.39599058e-02
 -1.16391572e+00 -1.03386602e+00 -1.30332254e+00  1.45756414e-03
 -2.01764379e+00 -8.62599358e-01  4.61144015e+00 -2.80833641e+00
  2.44463261e-01 -1.85462215e+00 -1.23270012e+00  1.60874213e+00
 -1.46317336e+00  2.32683605e-01 -3.34006417e-01 -5.29778997e-01
 -2.26513889e+00  1.95617884e+00 -2.92042041e-01 -2.80833641e+00
  3.75964191e+00 -1.25189811e+00  1.72166814e+00 -1.34119212e-01
 -5.82907198e-01 -5.99493488e-01  8.19270356e-01 -3.73235429e-01
  4.20540886e-02  2.31310457e+00 -1.62339548e+00  7.23458628e-01
  2.44463261e-01 -1.25189811e+00  3.32208475e+00 -7.16382611e-01
 -1.23003891e-01  8.61075939e-01 -1.35523867e+00  1.15082436e+00
 -1.05619007e+00  2.74771087e-01 -9.54112575e-01  1.33733926e+00
  2.34357165e-01 -1.85462215e+00  1.72166814e+00 -7.16382611e-01
  3.96654229e+00 -6.23881899e-01  1.33987160e+00  9.53229289e-01
 -8.01867949e-01  2.44091472e+00  5.11557457e-01  4.04595034e-01
  2.05063082e+00  9.33522894e-01 -1.23270012e+00 -1.34119212e-01
 -1.23003891e-01 -6.23881899e-01  4.64945282e+00  5.52810752e-01
 -3.00344616e+00 -1.02389097e+00 -1.52581083e+00 -1.84212757e+00
 -7.14210174e-01 -4.28537436e-02 -4.72950353e-01  1.60874213e+00
 -5.82907198e-01  8.61075939e-01  1.33987160e+00  5.52810752e-01
  5.86297965e+00]
q vector recovered: [-0.97683048 -1.55732966  0.5813605  -0.20162572  0.97494262 -0.4449774
  0.37916863 -1.00663113  0.55774879  0.78101656 -0.26692991 -0.33441803
  0.39980018]
Scalar c recovered: [1.15424342]
