Time limit reached.
Obj value returned by the CP solver: 382.14337564729294
Average LSE: 0.09553584391182324
SolTime: 18010.132799625397
It. number: 9

Q matrix recovered: [ 5.19724754e+00 -9.87558252e-01  1.96301501e-01  2.72911700e+00
  1.76992952e-01 -5.58564454e-01  7.03825076e-01  7.21919254e-02
 -1.46309856e+00 -5.98115995e-01 -1.35416230e+00  9.53695281e-01
 -3.00160212e+00 -9.87558252e-01  4.90909606e+00  8.65360223e-02
 -3.76433447e-01 -7.20514443e-02  6.36828812e-02  2.01835889e+00
 -1.16465370e+00  2.32175638e-01  8.19950428e-01  1.15128981e+00
 -8.01618956e-01 -1.02346733e+00  1.96301501e-01  8.65360223e-02
  5.54354586e+00  2.15775651e+00  1.43609357e+00  1.23578335e+00
  1.12152970e+00 -1.03365651e+00 -3.32074976e-01 -3.73306196e-01
 -1.05663048e+00  2.44036257e+00 -1.52443139e+00  2.72911700e+00
 -3.76433447e-01  2.15775651e+00  4.95632405e+00  1.91999169e+00
 -5.45661115e-01 -3.04592633e-01 -1.30196064e+00 -5.28078247e-01
  4.08861708e-02  2.73592511e-01  5.10662983e-01 -1.84214694e+00
  1.76992952e-01 -7.20514443e-02  1.43609357e+00  1.91999169e+00
  5.11061146e+00 -1.45550067e+00 -6.43705950e-02  6.79640952e-04
 -2.26401463e+00  2.31423104e+00 -9.53197354e-01  4.04910866e-01
 -7.12105310e-01 -5.58564454e-01  6.36828812e-02  1.23578335e+00
 -5.45661115e-01 -1.45550067e+00  5.21394032e+00  1.66214171e-01
 -2.01698456e+00  1.95776317e+00 -1.62381230e+00  1.33719167e+00
  2.05022285e+00 -4.21473277e-02  7.03825076e-01  2.01835889e+00
  1.12152970e+00 -3.04592633e-01 -6.43705950e-02  1.66214171e-01
  3.40818781e+00 -8.62400797e-01 -2.90245164e-01  7.23007967e-01
  2.34058237e-01  9.33073621e-01 -4.71773784e-01  7.21919254e-02
 -1.16465370e+00 -1.03365651e+00 -1.30196064e+00  6.79640952e-04
 -2.01698456e+00 -8.62400797e-01  4.61109803e+00 -2.81033487e+00
  2.44891950e-01 -1.85456715e+00 -1.23220690e+00  1.60761803e+00
 -1.46309856e+00  2.32175638e-01 -3.32074976e-01 -5.28078247e-01
 -2.26401463e+00  1.95776317e+00 -2.90245164e-01 -2.81033487e+00
  3.75805774e+00 -1.25010409e+00  1.72268164e+00 -1.33357890e-01
 -5.81597437e-01 -5.98115995e-01  8.19950428e-01 -3.73306196e-01
  4.08861708e-02  2.31423104e+00 -1.62381230e+00  7.23007967e-01
  2.44891950e-01 -1.25010409e+00  3.32107975e+00 -7.16653632e-01
 -1.23533010e-01  8.62211426e-01 -1.35416230e+00  1.15128981e+00
 -1.05663048e+00  2.73592511e-01 -9.53197354e-01  1.33719167e+00
  2.34058237e-01 -1.85456715e+00  1.72268164e+00 -7.16653632e-01
  3.96652119e+00 -6.24076984e-01  1.34046915e+00  9.53695281e-01
 -8.01618956e-01  2.44036257e+00  5.10662983e-01  4.04910866e-01
  2.05022285e+00  9.33073621e-01 -1.23220690e+00 -1.33357890e-01
 -1.23533010e-01 -6.24076984e-01  4.64844337e+00  5.53363504e-01
 -3.00160212e+00 -1.02346733e+00 -1.52443139e+00 -1.84214694e+00
 -7.12105310e-01 -4.21473277e-02 -4.71773784e-01  1.60761803e+00
 -5.81597437e-01  8.62211426e-01  1.34046915e+00  5.53363504e-01
  5.86918220e+00]
q vector recovered: [-0.98244048 -1.55893311  0.57977185 -0.19819293  0.9678285  -0.44514499
  0.37791406 -1.00502312  0.55296184  0.77977294 -0.2676723  -0.33376625
  0.39147184]
Scalar c recovered: [1.160974]
