Obj value returned by the solver: 647.0847765190334
Obj value computed with solution variables: [647.0851327]
Average LSE = 0.16177119412975835SolTime: 0.797
Q matrix recovered: [[ 1.15453073  0.9487267   0.36961424  1.00959287 -0.47856633  0.92411769
  -0.71548992 -0.0278338   0.04169711 -0.96897609 -0.50604882 -0.04633772
  -0.24800633]
 [ 0.9487267   0.6259488  -1.05299945  0.1582635  -0.04591103  0.99611458
  -0.47788176 -0.70893677  0.73534426  0.72538874 -0.42492065 -0.76725178
  -0.74142769]
 [ 0.36961424 -1.05299945  0.75523093  1.19320855 -0.0630714  -0.48448525
  -1.13632432  1.67381499 -1.00226967 -0.60133571  0.0209432  -0.89775025
   0.33680013]
 [ 1.00959287  0.1582635   1.19320855  2.15161153 -1.25052746  0.00981685
   0.30204478 -1.04025576  0.03616869 -0.84500444 -1.50566133  0.33864078
   0.79255631]
 [-0.47856633 -0.04591103 -0.0630714  -1.25052746  0.78184269 -0.28278835
   0.36347089  0.32377566  0.04637376  0.58298199 -0.98100036  0.81124507
  -1.11260941]
 [ 0.92411769  0.99611458 -0.48448525  0.00981685 -0.28278835  0.84495625
  -0.62253786 -0.20479892  0.88017758 -0.14146508  1.30335587 -1.27989032
  -0.34613948]
 [-0.71548992 -0.47788176 -1.13632432  0.30204478  0.36347089 -0.62253786
  -0.41436701  0.34721943  0.133424    0.40479013  0.97159103  0.38385642
   0.44371505]
 [-0.0278338  -0.70893677  1.67381499 -1.04025576  0.32377566 -0.20479892
   0.34721943  1.90423469 -0.63042357 -0.30282049 -0.15496671 -0.10273226
   0.96416809]
 [ 0.04169711  0.73534426 -1.00226967  0.03616869  0.04637376  0.88017758
   0.133424   -0.63042357 -0.72265847  1.06569751 -0.58659385 -0.24529638
  -0.40741088]
 [-0.96897609  0.72538874 -0.60133571 -0.84500444  0.58298199 -0.14146508
   0.40479013 -0.30282049  1.06569751  0.39053395 -0.01475512  0.08748262
   0.00280297]
 [-0.50604882 -0.42492065  0.0209432  -1.50566133 -0.98100036  1.30335587
   0.97159103 -0.15496671 -0.58659385 -0.01475512  0.61875665  0.05919166
  -1.32003908]
 [-0.04633772 -0.76725178 -0.89775025  0.33864078  0.81124507 -1.27989032
   0.38385642 -0.10273226 -0.24529638  0.08748262  0.05919166  0.78103089
  -0.51238183]
 [-0.24800633 -0.74142769  0.33680013  0.79255631 -1.11260941 -0.34613948
   0.44371505  0.96416809 -0.40741088  0.00280297 -1.32003908 -0.51238183
   1.58001181]]
q vector recovered: [ 0.18206975  0.3986893   1.26343988  1.24860638 -0.13630586 -0.29766356
 -2.53119096 -3.22318796  0.85022854 -1.29798886 -3.40317569 -2.70083051
  0.96427724]
Scalar c recovered: [11.45836717]
