Obj value returned by the CP solver: 647.0841829746075
Average LSE = 0.1617710457436519SolTime: 156.93501496315002
It. number: 62
Q matrix recovered: [ 1.15308019e+00  9.48264860e-01  3.68903297e-01  1.00934128e+00
 -4.78923963e-01  9.23913216e-01 -7.15755460e-01 -2.80369613e-02
  4.10241227e-02 -9.69381262e-01 -5.06482626e-01 -4.65720019e-02
 -2.48564203e-01  9.48264860e-01  6.24135601e-01 -1.05325173e+00
  1.57596654e-01 -4.59847203e-02  9.95410463e-01 -4.78121596e-01
 -7.09252302e-01  7.34742785e-01  7.25367598e-01 -4.25369931e-01
 -7.67361772e-01 -7.41997422e-01  3.68903297e-01 -1.05325173e+00
  7.54675242e-01  1.19212085e+00 -6.34239106e-02 -4.85284985e-01
 -1.13672392e+00  1.67345121e+00 -1.00271754e+00 -6.01696392e-01
  2.03745717e-02 -8.98280440e-01  3.36297204e-01  1.00934128e+00
  1.57596654e-01  1.19212085e+00  2.14964333e+00 -1.25123471e+00
  9.27536829e-03  3.01596302e-01 -1.04085683e+00  3.48622987e-02
 -8.45363349e-01 -1.50647270e+00  3.38130828e-01  7.91787245e-01
 -4.78923963e-01 -4.59847203e-02 -6.34239106e-02 -1.25123471e+00
  7.80941010e-01 -2.83571026e-01  3.63287801e-01  3.23735837e-01
  4.56055942e-02  5.82152367e-01 -9.81298691e-01  8.11124354e-01
 -1.11256166e+00  9.23913216e-01  9.95410463e-01 -4.85284985e-01
  9.27536829e-03 -2.83571026e-01  8.44429660e-01 -6.22998643e-01
 -2.05223128e-01  8.78818324e-01 -1.41841315e-01  1.30282754e+00
 -1.28045850e+00 -3.46660590e-01 -7.15755460e-01 -4.78121596e-01
 -1.13672392e+00  3.01596302e-01  3.63287801e-01 -6.22998643e-01
 -4.14782417e-01  3.47294635e-01  1.32790098e-01  4.04677082e-01
  9.71431128e-01  3.83718799e-01  4.43512885e-01 -2.80369613e-02
 -7.09252302e-01  1.67345121e+00 -1.04085683e+00  3.23735837e-01
 -2.05223128e-01  3.47294635e-01  1.90402872e+00 -6.30969004e-01
 -3.02897389e-01 -1.55373288e-01 -1.02840533e-01  9.63786051e-01
  4.10241227e-02  7.34742785e-01 -1.00271754e+00  3.48622987e-02
  4.56055942e-02  8.78818324e-01  1.32790098e-01 -6.30969004e-01
 -7.26261191e-01  1.06530788e+00 -5.87311697e-01 -2.45848112e-01
 -4.08245003e-01 -9.69381262e-01  7.25367598e-01 -6.01696392e-01
 -8.45363349e-01  5.82152367e-01 -1.41841315e-01  4.04677082e-01
 -3.02897389e-01  1.06530788e+00  3.90966834e-01 -1.49493706e-02
  8.73420765e-02  1.84178655e-03 -5.06482626e-01 -4.25369931e-01
  2.03745717e-02 -1.50647270e+00 -9.81298691e-01  1.30282754e+00
  9.71431128e-01 -1.55373288e-01 -5.87311697e-01 -1.49493706e-02
  6.17276552e-01  5.88514951e-02 -1.32056847e+00 -4.65720019e-02
 -7.67361772e-01 -8.98280440e-01  3.38130828e-01  8.11124354e-01
 -1.28045850e+00  3.83718799e-01 -1.02840533e-01 -2.45848112e-01
  8.73420765e-02  5.88514951e-02  7.79974730e-01 -5.12666878e-01
 -2.48564203e-01 -7.41997422e-01  3.36297204e-01  7.91787245e-01
 -1.11256166e+00 -3.46660590e-01  4.43512885e-01  9.63786051e-01
 -4.08245003e-01  1.84178655e-03 -1.32056847e+00 -5.12666878e-01
  1.57908949e+00]
q vector recovered: [ 0.18522767  0.4019039   1.2669609   1.25367262 -0.13348199 -0.29374045
 -2.52933144 -3.22129729  0.85656132 -1.29603665 -3.39965741 -2.69840142
  0.96782288]
Scalar c recovered: [11.44794052]
